0 0.722656 0.878255 0.096354 0.035156
0 0.904948 0.985677 0.080729 0.028646
0 0.175781 0.677734 0.057292 0.019531
0 0.400391 0.591797 0.055990 0.019531
0 0.484375 0.365885 0.098958 0.028646
0 0.496094 0.749349 0.070312 0.022135
0 0.244141 0.417969 0.048177 0.023438
0 0.059245 0.524740 0.110677 0.028646
0 0.770833 0.407552 0.078125 0.023438
0 0.365234 0.316406 0.022135 0.013021
0 0.240885 0.223307 0.101562 0.032552
0 0.392578 0.991536 0.042969 0.016927
0 0.218099 0.871094 0.095052 0.031250
0 0.557292 0.589844 0.104167 0.033854
0 0.905599 0.683594 0.100260 0.023438
