0 0.489583 0.523438 0.010417 0.015625
0 0.972656 0.164063 0.010417 0.013021
0 0.624349 0.161458 0.027344 0.015625
0 0.955078 0.089844 0.011719 0.013021
0 0.260417 0.712891 0.010417 0.011719
0 0.648438 0.245443 0.007812 0.009115
0 0.369792 0.661458 0.020833 0.023438
0 0.814453 0.261719 0.019531 0.013021
0 0.734375 0.205729 0.013021 0.013021
0 0.544922 0.340495 0.009115 0.014323
0 0.618490 0.414714 0.015625 0.019531
0 0.623698 0.638021 0.018229 0.018229
0 0.057292 0.702474 0.010417 0.009115
0 0.063802 0.709635 0.002604 0.005208
0 0.906250 0.212891 0.023438 0.019531
