0 0.104167 0.450521 0.013021 0.013021
0 0.136068 0.415365 0.011719 0.010417
0 0.114583 0.445964 0.013021 0.014323
0 0.149089 0.384115 0.014323 0.013021
0 0.133464 0.398438 0.016927 0.015625
0 0.126302 0.369792 0.023438 0.020833
0 0.102214 0.457682 0.011719 0.011719
0 0.128906 0.391276 0.015625 0.011719
0 0.244792 0.309245 0.023438 0.024740
0 0.143229 0.374349 0.015625 0.014323
0 0.130208 0.425130 0.015625 0.014323
0 0.154297 0.389974 0.014323 0.011719
0 0.261068 0.336589 0.027344 0.035156
0 0.125000 0.386068 0.018229 0.014323
