0 0.475911 0.337240 0.011719 0.013021
0 0.958984 0.111328 0.014323 0.016927
0 0.900391 0.125000 0.014323 0.018229
0 0.857422 0.123047 0.011719 0.014323
0 0.790365 0.150391 0.018229 0.011719
0 0.888672 0.123047 0.009115 0.014323
0 0.875000 0.128906 0.013021 0.015625
0 0.600260 0.285156 0.015625 0.015625
0 0.174479 0.590495 0.023438 0.019531
0 0.393229 0.387370 0.018229 0.014323
0 0.410807 0.373698 0.024740 0.018229
0 0.419922 0.367188 0.024740 0.020833
0 0.056641 0.647786 0.022135 0.019531
0 0.107422 0.620443 0.022135 0.014323
0 0.938151 0.105469 0.019531 0.013021
