0 0.706380 0.241536 0.066406 0.050781
0 0.740885 0.951172 0.020833 0.016927
0 0.936198 0.915365 0.015625 0.013021
0 0.146484 0.908203 0.019531 0.011719
0 0.693359 0.745443 0.024740 0.016927
0 0.695964 0.249349 0.014323 0.011719
0 0.674479 0.663411 0.020833 0.011719
0 0.956380 0.896484 0.014323 0.014323
0 0.832682 0.962240 0.014323 0.015625
0 0.820964 0.970703 0.014323 0.016927
0 0.944010 0.907552 0.015625 0.013021
0 0.949219 0.901042 0.013021 0.013021
0 0.794271 0.633464 0.023438 0.011719
0 0.875000 0.988281 0.013021 0.015625
