0 0.098307 0.370443 0.011719 0.006510
0 0.218099 0.179036 0.014323 0.014323
0 0.100911 0.095703 0.014323 0.014323
0 0.637370 0.275391 0.011719 0.016927
0 0.291016 0.022786 0.014323 0.011719
0 0.905599 0.742188 0.016927 0.013021
0 0.418620 0.548828 0.014323 0.014323
0 0.075521 0.212891 0.013021 0.014323
0 0.004557 0.304036 0.009115 0.009115
0 0.087240 0.059896 0.007812 0.007812
0 0.497396 0.382161 0.007812 0.014323
0 0.473958 0.305339 0.010417 0.006510
0 0.113932 0.250000 0.006510 0.010417
0 0.119141 0.005208 0.009115 0.010417
0 0.190755 0.240234 0.014323 0.014323
