0 0.606771 0.396484 0.018229 0.014323
0 0.361979 0.733073 0.031250 0.041667
0 0.608724 0.401042 0.009115 0.007812
0 0.297526 0.707031 0.027344 0.041667
0 0.309245 0.696615 0.035156 0.049479
0 0.363281 0.864583 0.020833 0.049479
0 0.320312 0.750000 0.028646 0.046875
0 0.860677 0.291667 0.059896 0.052083
0 0.350260 0.858073 0.020833 0.049479
0 0.606771 0.429036 0.057292 0.058594
0 0.341146 0.944661 0.015625 0.042969
0 0.347005 0.736979 0.040365 0.057292
0 0.356120 0.942708 0.016927 0.041667
0 0.332031 0.742839 0.033854 0.053385
0 0.624349 0.386719 0.014323 0.010417
