0 0.811198 0.389974 0.010417 0.009115
0 0.912109 0.347005 0.019531 0.022135
0 0.891276 0.332031 0.011719 0.013021
0 0.749349 0.480469 0.016927 0.020833
0 0.775391 0.450521 0.011719 0.010417
0 0.895833 0.324870 0.020833 0.024740
0 0.794922 0.399740 0.016927 0.013021
0 0.813802 0.397135 0.010417 0.010417
0 0.798828 0.405599 0.016927 0.016927
0 0.901693 0.344401 0.011719 0.014323
0 0.888021 0.339193 0.015625 0.016927
0 0.750651 0.378255 0.019531 0.016927
0 0.725260 0.412109 0.013021 0.027344
0 0.764323 0.457682 0.010417 0.011719
0 0.761068 0.461589 0.011719 0.014323
