0 0.502604 0.083984 0.078125 0.063802
0 0.528646 0.043620 0.070312 0.069010
0 0.498047 0.583333 0.045573 0.052083
0 0.401693 0.793620 0.016927 0.029948
0 0.242839 0.466797 0.022135 0.066406
0 0.398438 0.838542 0.018229 0.028646
0 0.072917 0.553385 0.049479 0.036458
0 0.276693 0.471354 0.024740 0.083333
0 0.343750 0.277344 0.078125 0.067708
0 0.301432 0.813802 0.016927 0.013021
0 0.259115 0.473307 0.020833 0.058594
0 0.057292 0.561198 0.036458 0.031250
0 0.380859 0.783203 0.050781 0.092448
0 0.487630 0.581380 0.011719 0.014323
