0 0.332682 0.807943 0.009115 0.014323
0 0.936198 0.839193 0.013021 0.035156
0 0.806641 0.785156 0.016927 0.036458
0 0.067057 0.743490 0.045573 0.049479
0 0.072266 0.733073 0.045573 0.052083
0 0.819010 0.785156 0.020833 0.039062
0 0.742839 0.932943 0.024740 0.042969
0 0.944661 0.835286 0.014323 0.040365
0 0.955729 0.837240 0.015625 0.039062
0 0.401693 0.841797 0.037760 0.048177
0 0.087240 0.736979 0.033854 0.039062
0 0.753906 0.930339 0.026042 0.045573
0 0.731771 0.938151 0.026042 0.040365
0 0.414062 0.838542 0.028646 0.036458
