0 0.741536 0.973958 0.053385 0.052083
0 0.962891 0.495443 0.053385 0.053385
0 0.350911 0.130859 0.037760 0.050781
0 0.962891 0.780599 0.074219 0.066406
0 0.564453 0.689453 0.048177 0.045573
0 0.736328 0.179036 0.053385 0.053385
0 0.037109 0.615885 0.074219 0.080729
0 0.324870 0.911458 0.058594 0.052083
0 0.555339 0.679688 0.040365 0.041667
0 0.323568 0.468099 0.076823 0.063802
0 0.513672 0.322266 0.048177 0.050781
0 0.336589 0.125000 0.037760 0.052083
0 0.785156 0.645182 0.057292 0.050781
0 0.404297 0.596354 0.050781 0.049479
