0 0.917969 0.039062 0.033854 0.078125
0 0.932943 0.046875 0.011719 0.031250
0 0.618490 0.033203 0.020833 0.053385
0 0.894531 0.035156 0.031250 0.070312
0 0.563802 0.026693 0.020833 0.053385
0 0.195312 0.449870 0.033854 0.108073
0 0.599609 0.035807 0.024740 0.063802
0 0.260417 0.445312 0.015625 0.015625
0 0.958333 0.582682 0.083333 0.053385
0 0.522135 0.042969 0.031250 0.085938
0 0.546224 0.030599 0.016927 0.061198
0 0.498047 0.031250 0.022135 0.062500
0 0.461589 0.833333 0.024740 0.054688
0 0.580729 0.031250 0.020833 0.062500
0 0.963542 0.625651 0.072917 0.053385
