0 0.379557 0.919922 0.035156 0.019531
0 0.625000 0.423177 0.044271 0.013021
0 0.626953 0.458333 0.032552 0.015625
0 0.503255 0.637370 0.063802 0.032552
0 0.358724 0.257161 0.066406 0.022135
0 0.813802 0.631510 0.046875 0.023438
0 0.119141 0.669922 0.069010 0.029948
0 0.229167 0.945313 0.109375 0.049479
0 0.619792 0.450521 0.044271 0.018229
0 0.620443 0.436198 0.084635 0.033854
0 0.824219 0.641276 0.078125 0.037760
0 0.832031 0.652344 0.036458 0.015625
0 0.628255 0.413411 0.035156 0.016927
0 0.064453 0.212240 0.074219 0.026042
0 0.044271 0.444661 0.080729 0.040365
