0 0.602865 0.768229 0.015625 0.013021
0 0.529948 0.818359 0.007812 0.006510
0 0.563802 0.812500 0.005208 0.007812
0 0.567708 0.828125 0.007812 0.007812
0 0.618490 0.882161 0.007812 0.011719
0 0.573568 0.791667 0.009115 0.007812
0 0.626953 0.853516 0.006510 0.006510
0 0.580078 0.729167 0.003906 0.010417
0 0.583984 0.813802 0.006510 0.005208
0 0.562500 0.778646 0.007812 0.007812
0 0.602865 0.751302 0.007812 0.007812
0 0.550130 0.802734 0.006510 0.006510
0 0.536458 0.730469 0.005208 0.010417
0 0.587891 0.800781 0.006510 0.007812
0 0.591797 0.731120 0.006510 0.006510
