0 0.482422 0.792318 0.024740 0.045573
0 0.529948 0.794922 0.018229 0.037760
0 0.627604 0.811198 0.031250 0.049479
0 0.795573 0.765625 0.062500 0.031250
0 0.406250 0.842448 0.104167 0.028646
0 0.666667 0.791667 0.062500 0.023438
0 0.584635 0.809245 0.023438 0.035156
0 0.886068 0.846354 0.037760 0.023438
0 0.570964 0.821615 0.032552 0.052083
0 0.553385 0.826172 0.028646 0.048177
0 0.515625 0.802734 0.023438 0.042969
0 0.463542 0.800130 0.031250 0.053385
0 0.610026 0.816406 0.035156 0.052083
0 0.496094 0.784505 0.018229 0.029948
