0 0.567057 0.319010 0.014323 0.010417
0 0.533854 0.230469 0.010417 0.007812
0 0.791016 0.384115 0.006510 0.007812
0 0.783854 0.423177 0.005208 0.002604
0 0.549479 0.233724 0.010417 0.009115
0 0.786458 0.424479 0.010417 0.002604
0 0.604818 0.425781 0.009115 0.007812
0 0.786458 0.420573 0.010417 0.005208
0 0.785156 0.428385 0.010417 0.005208
0 0.765625 0.427734 0.007812 0.006510
0 0.783203 0.432943 0.009115 0.003906
0 0.792318 0.432292 0.003906 0.002604
0 0.611979 0.427734 0.010417 0.009115
0 0.555990 0.251302 0.010417 0.005208
