0 0.808594 0.629557 0.013021 0.014323
0 0.727865 0.888672 0.049479 0.019531
0 0.799479 0.874349 0.062500 0.019531
0 0.607422 0.836589 0.009115 0.016927
0 0.948568 0.614583 0.048177 0.080729
0 0.913411 0.613932 0.032552 0.063802
0 0.844401 0.607422 0.009115 0.011719
0 0.839844 0.617839 0.023438 0.024740
0 0.629557 0.785156 0.014323 0.010417
0 0.979818 0.563151 0.011719 0.014323
0 0.764323 0.908203 0.138021 0.042969
0 0.868490 0.598307 0.018229 0.019531
0 0.961589 0.567708 0.016927 0.013021
0 0.694661 0.714844 0.032552 0.020833
