0 0.483724 0.649740 0.079427 0.093750
0 0.315755 0.233724 0.032552 0.024740
0 0.322266 0.136068 0.022135 0.087240
0 0.201823 0.565755 0.020833 0.032552
0 0.259766 0.084635 0.027344 0.096354
0 0.292969 0.116536 0.057292 0.212240
0 0.212891 0.985026 0.022135 0.014323
0 0.212891 0.582682 0.035156 0.058594
0 0.487630 0.904297 0.014323 0.016927
0 0.253906 0.857422 0.013021 0.014323
0 0.936849 0.212891 0.092448 0.136719
0 0.389974 0.630859 0.009115 0.027344
0 0.448568 0.635417 0.027344 0.028646
0 0.376302 0.645182 0.018229 0.050781
