0 0.350911 0.412760 0.048177 0.031250
0 0.060547 0.344401 0.029948 0.022135
0 0.224609 0.927734 0.029948 0.144531
0 0.349609 0.427083 0.009115 0.010417
0 0.334635 0.432943 0.020833 0.014323
0 0.076823 0.316406 0.031250 0.028646
0 0.089844 0.361979 0.036458 0.028646
0 0.092448 0.307943 0.044271 0.035156
0 0.677734 0.791667 0.061198 0.065104
0 0.098958 0.331380 0.023438 0.019531
0 0.080729 0.338542 0.065104 0.046875
0 0.354818 0.439453 0.022135 0.014323
0 0.358073 0.429688 0.010417 0.010417
0 0.333984 0.421875 0.024740 0.015625
