0 0.960286 0.853516 0.006510 0.006510
0 0.883464 0.802734 0.006510 0.006510
0 0.913411 0.729167 0.003906 0.010417
0 0.869792 0.730469 0.005208 0.010417
0 0.895833 0.778646 0.007812 0.007812
0 0.951823 0.882161 0.007812 0.011719
0 0.921224 0.800781 0.006510 0.007812
0 0.906901 0.791667 0.009115 0.007812
0 0.936198 0.751302 0.007812 0.007812
0 0.925130 0.731120 0.006510 0.006510
0 0.897135 0.812500 0.005208 0.007812
0 0.863281 0.818359 0.007812 0.006510
0 0.901042 0.828125 0.007812 0.007812
0 0.936198 0.768229 0.015625 0.013021
0 0.917318 0.813802 0.006510 0.005208
