0 0.250651 0.813802 0.006510 0.005208
0 0.229167 0.778646 0.007812 0.007812
0 0.269531 0.768229 0.015625 0.013021
0 0.203125 0.730469 0.005208 0.010417
0 0.216797 0.802734 0.006510 0.006510
0 0.285156 0.882161 0.007812 0.011719
0 0.254557 0.800781 0.006510 0.007812
0 0.240234 0.791667 0.009115 0.007812
0 0.234375 0.828125 0.007812 0.007812
0 0.269531 0.751302 0.007812 0.007812
0 0.230469 0.812500 0.005208 0.007812
0 0.293620 0.853516 0.006510 0.006510
0 0.258464 0.731120 0.006510 0.006510
0 0.246745 0.729167 0.003906 0.010417
0 0.196615 0.818359 0.007812 0.006510
