0 0.421224 0.231120 0.014323 0.024740
0 0.425130 0.252604 0.009115 0.015625
0 0.389974 0.212891 0.040365 0.087240
0 0.372396 0.326172 0.031250 0.066406
0 0.348307 0.332682 0.032552 0.069010
0 0.264323 0.489583 0.010417 0.015625
0 0.258464 0.490885 0.016927 0.020833
0 0.431641 0.251302 0.009115 0.015625
0 0.231771 0.468099 0.013021 0.016927
0 0.260417 0.467448 0.013021 0.020833
0 0.251302 0.467448 0.013021 0.015625
0 0.414062 0.207031 0.015625 0.023438
0 0.248047 0.451172 0.011719 0.016927
0 0.302083 0.440104 0.018229 0.031250
