0 0.915365 0.682292 0.044271 0.018229
0 0.531250 0.958984 0.291667 0.076823
0 0.888672 0.594401 0.040365 0.019531
0 0.942708 0.599609 0.044271 0.019531
0 0.555990 0.724609 0.359375 0.092448
0 0.833984 0.190755 0.332031 0.105469
0 0.910807 0.704427 0.045573 0.015625
0 0.946615 0.578776 0.041667 0.019531
0 0.470052 0.874349 0.187500 0.055990
0 0.532552 0.313802 0.296875 0.075521
0 0.893229 0.572266 0.049479 0.016927
0 0.753906 0.921224 0.218750 0.053385
0 0.850911 0.834635 0.084635 0.039062
0 0.839193 0.564453 0.042969 0.019531
0 0.008464 0.765625 0.006510 0.013021
