0 0.192057 0.891927 0.050781 0.033854
0 0.717448 0.386719 0.054688 0.041667
0 0.271484 0.540365 0.048177 0.041667
0 0.983073 0.873047 0.033854 0.045573
0 0.690755 0.944661 0.040365 0.053385
0 0.582031 0.806641 0.028646 0.019531
0 0.827474 0.634115 0.105469 0.091146
0 0.702474 0.940104 0.042969 0.054688
0 0.384766 0.824870 0.040365 0.037760
0 0.835938 0.619792 0.054688 0.046875
0 0.186198 0.899089 0.028646 0.019531
0 0.342448 0.785807 0.028646 0.022135
0 0.555990 0.787109 0.018229 0.014323
0 0.522135 0.940755 0.054688 0.040365
