0 0.197917 0.958984 0.291667 0.076823
0 0.577474 0.704427 0.045573 0.015625
0 0.613281 0.578776 0.041667 0.019531
0 0.136719 0.874349 0.187500 0.055990
0 0.420573 0.921224 0.218750 0.053385
0 0.555339 0.594401 0.040365 0.019531
0 0.505859 0.564453 0.042969 0.019531
0 0.505208 0.190755 0.341146 0.105469
0 0.517578 0.834635 0.084635 0.039062
0 0.582031 0.682292 0.044271 0.018229
0 0.199219 0.313802 0.296875 0.075521
0 0.559896 0.572266 0.049479 0.016927
0 0.609375 0.599609 0.044271 0.019531
0 0.222656 0.724609 0.359375 0.092448
