0 0.324870 0.629557 0.024740 0.011719
0 0.655599 0.338542 0.014323 0.013021
0 0.754557 0.072917 0.022135 0.015625
0 0.690104 0.228516 0.020833 0.014323
0 0.509115 0.409505 0.018229 0.016927
0 0.534505 0.368490 0.016927 0.013021
0 0.593099 0.277995 0.019531 0.009115
0 0.741536 0.148438 0.011719 0.010417
0 0.585938 0.384766 0.023438 0.014323
0 0.634115 0.240234 0.018229 0.009115
0 0.733724 0.090495 0.022135 0.016927
0 0.665365 0.063151 0.028646 0.016927
0 0.715495 0.129557 0.011719 0.006510
0 0.792969 0.083333 0.020833 0.015625
