0 0.945313 0.744792 0.010417 0.010417
0 0.888672 0.591146 0.009115 0.013021
0 0.914062 0.520182 0.007812 0.011719
0 0.953125 0.556641 0.005208 0.011719
0 0.944010 0.470052 0.007812 0.010417
0 0.855469 0.231771 0.007812 0.013021
0 0.776042 0.781901 0.010417 0.014323
0 0.807943 0.049479 0.006510 0.010417
0 0.900391 0.581380 0.006510 0.011719
0 0.966797 0.586589 0.014323 0.009115
0 0.949870 0.710286 0.011719 0.011719
0 0.632813 0.163411 0.013021 0.014323
0 0.927734 0.574219 0.006510 0.010417
0 0.647135 0.162760 0.013021 0.010417
0 0.912760 0.606771 0.013021 0.010417
