0 0.637370 0.675781 0.040365 0.057292
0 0.937500 0.393229 0.018229 0.023438
0 0.694010 0.570964 0.026042 0.019531
0 0.672526 0.684245 0.029948 0.048177
0 0.684245 0.587240 0.035156 0.026042
0 0.732422 0.552083 0.050781 0.044271
0 0.719401 0.561849 0.050781 0.045573
0 0.690755 0.556641 0.024740 0.019531
0 0.759115 0.523438 0.023438 0.018229
0 0.745443 0.544271 0.050781 0.041667
0 0.863932 0.436849 0.037760 0.035156
0 0.613281 0.799479 0.010417 0.015625
0 0.655599 0.680339 0.040365 0.058594
0 0.927083 0.397135 0.018229 0.023438
