0 0.111328 0.101562 0.009115 0.007812
0 0.096354 0.109375 0.007812 0.007812
0 0.076172 0.072917 0.016927 0.020833
0 0.113281 0.089193 0.013021 0.011719
0 0.117188 0.008464 0.007812 0.014323
0 0.081380 0.085286 0.006510 0.006510
0 0.104167 0.102214 0.007812 0.006510
0 0.023438 0.090495 0.013021 0.019531
0 0.110677 0.095703 0.013021 0.009115
0 0.100911 0.104167 0.009115 0.010417
0 0.096354 0.104818 0.010417 0.011719
0 0.088542 0.111328 0.010417 0.011719
0 0.091797 0.108724 0.006510 0.009115
0 0.106771 0.100911 0.007812 0.009115
0 0.135417 0.061198 0.010417 0.007812
