0 0.568359 0.125000 0.016927 0.018229
0 0.542318 0.127604 0.016927 0.018229
0 0.457682 0.150391 0.016927 0.014323
0 0.242188 0.284505 0.013021 0.014323
0 0.555339 0.122396 0.011719 0.018229
0 0.626953 0.111979 0.016927 0.018229
0 0.076823 0.374349 0.023438 0.019531
0 0.603516 0.104818 0.022135 0.014323
0 0.086589 0.369792 0.027344 0.023438
0 0.524089 0.123698 0.014323 0.015625
0 0.428385 0.171224 0.013021 0.009115
0 0.884766 0.091146 0.016927 0.018229
0 0.253255 0.285807 0.009115 0.011719
0 0.432943 0.166016 0.016927 0.014323
