0 0.286458 0.889974 0.005208 0.011719
0 0.261068 0.907552 0.006510 0.010417
0 0.222005 0.924479 0.009115 0.013021
0 0.219401 0.214844 0.006510 0.010417
0 0.247396 0.853516 0.007812 0.011719
0 0.188802 0.565104 0.007812 0.013021
0 0.397135 0.490234 0.039062 0.113281
0 0.159505 0.103516 0.011719 0.014323
0 0.300130 0.919922 0.014323 0.009115
0 0.121745 0.173177 0.006510 0.013021
0 0.277344 0.803385 0.007812 0.010417
0 0.141276 0.382813 0.006510 0.010417
0 0.045573 0.099609 0.015625 0.011719
0 0.246094 0.940104 0.013021 0.010417
0 0.233724 0.914714 0.006510 0.011719
