0 0.460938 0.582682 0.013021 0.016927
0 0.041016 0.687500 0.014323 0.018229
0 0.049479 0.685547 0.007812 0.009115
0 0.479818 0.582682 0.014323 0.016927
0 0.406901 0.608724 0.022135 0.035156
0 0.488932 0.580078 0.014323 0.019531
0 0.378906 0.595703 0.010417 0.011719
0 0.437500 0.587891 0.015625 0.022135
0 0.013672 0.692708 0.006510 0.007812
0 0.497396 0.577474 0.013021 0.016927
0 0.447917 0.585938 0.013021 0.018229
0 0.371745 0.862630 0.014323 0.016927
0 0.062500 0.680990 0.010417 0.005208
0 0.032552 0.686198 0.010417 0.013021
