0 0.959635 0.449870 0.057292 0.212240
0 0.988932 0.469401 0.022135 0.087240
0 0.926432 0.417969 0.027344 0.096354
0 0.879557 0.916016 0.035156 0.058594
0 0.559896 0.819661 0.031250 0.087240
0 0.737630 0.186849 0.040365 0.084635
0 0.633464 0.090495 0.058594 0.180990
0 0.868490 0.899089 0.020833 0.032552
0 0.537760 0.815755 0.028646 0.058594
0 0.354167 0.716146 0.015625 0.015625
0 0.597656 0.038411 0.026042 0.076823
0 0.516927 0.810547 0.023438 0.050781
0 0.982422 0.567057 0.032552 0.024740
0 0.648438 0.197917 0.031250 0.041667
