0 0.321615 0.265625 0.007812 0.005208
0 0.326823 0.279948 0.002604 0.002604
0 0.333333 0.283854 0.007812 0.005208
0 0.330729 0.445964 0.010417 0.019531
0 0.340495 0.446615 0.006510 0.010417
0 0.853516 0.259766 0.011719 0.022135
0 0.175130 0.228516 0.027344 0.022135
0 0.451823 0.134766 0.015625 0.014323
0 0.070964 0.107422 0.009115 0.006510
0 0.080729 0.114583 0.002604 0.002604
0 0.083333 0.118490 0.002604 0.002604
0 0.842448 0.238281 0.010417 0.028646
0 0.486328 0.301432 0.014323 0.022135
0 0.838542 0.202474 0.010417 0.022135
0 0.827474 0.164714 0.011719 0.024740
0 0.074219 0.120443 0.010417 0.014323
0 0.084635 0.123698 0.002604 0.002604
0 0.332031 0.273438 0.002604 0.002604
0 0.334635 0.277344 0.002604 0.002604
0 0.087240 0.274740 0.023438 0.020833
