0 0.654948 0.348307 0.067708 0.037760
0 0.902344 0.691406 0.059896 0.028646
0 0.614583 0.259766 0.028646 0.009115
0 0.672526 0.332682 0.100260 0.050781
0 0.774089 0.976562 0.055990 0.028646
0 0.520182 0.488932 0.089844 0.032552
0 0.742188 0.554036 0.052083 0.027344
0 0.958984 0.487630 0.082031 0.035156
0 0.656901 0.062500 0.108073 0.044271
0 0.752604 0.798177 0.018229 0.013021
0 0.953125 0.985026 0.093750 0.029948
0 0.722005 0.758464 0.061198 0.024740
0 0.583333 0.895182 0.054688 0.032552
0 0.940104 0.246094 0.052083 0.031250
