0 0.311198 0.592448 0.041667 0.057292
0 0.085286 0.328776 0.016927 0.014323
0 0.061198 0.284505 0.015625 0.014323
0 0.076823 0.840495 0.078125 0.082031
0 0.728516 0.984375 0.019531 0.018229
0 0.183594 0.380208 0.007812 0.010417
0 0.664714 0.843099 0.016927 0.014323
0 0.250651 0.404948 0.011719 0.015625
0 0.015625 0.247396 0.015625 0.015625
0 0.459635 0.574870 0.023438 0.066406
0 0.694010 0.982422 0.015625 0.016927
0 0.352214 0.639323 0.042969 0.054688
0 0.011068 0.240885 0.016927 0.015625
0 0.040365 0.265625 0.013021 0.015625
0 0.029948 0.253906 0.010417 0.013021
