0 0.654297 0.037760 0.055990 0.070312
0 0.959635 0.143229 0.018229 0.026042
0 0.484375 0.386719 0.020833 0.036458
0 0.529297 0.841146 0.042969 0.044271
0 0.885417 0.425130 0.096354 0.126302
0 0.535156 0.853516 0.023438 0.024740
0 0.475260 0.479167 0.049479 0.044271
0 0.876302 0.402995 0.065104 0.084635
0 0.544922 0.852214 0.029948 0.032552
0 0.847005 0.340495 0.029948 0.035156
0 0.482422 0.365885 0.037760 0.041667
0 0.468099 0.356771 0.040365 0.046875
0 0.827474 0.338542 0.095052 0.127604
0 0.546224 0.231120 0.035156 0.050781
