0 0.917318 0.929688 0.084635 0.135417
0 0.369792 0.789714 0.026042 0.024740
0 0.460286 0.992839 0.019531 0.014323
0 0.221354 0.849609 0.026042 0.027344
0 0.336589 0.938802 0.011719 0.015625
0 0.200521 0.972005 0.015625 0.016927
0 0.932292 0.779948 0.101562 0.075521
0 0.377604 0.989583 0.020833 0.020833
0 0.341146 0.871745 0.015625 0.016927
0 0.942708 0.817708 0.114583 0.088542
0 0.565755 0.975911 0.011719 0.009115
0 0.305339 0.819010 0.019531 0.018229
0 0.220052 0.919271 0.013021 0.015625
0 0.635417 0.917969 0.028646 0.013021
0 0.529297 0.903646 0.027344 0.023438
