0 0.462240 0.098958 0.062500 0.031250
0 0.130208 0.133464 0.031250 0.053385
0 0.149089 0.125651 0.024740 0.045573
0 0.251302 0.142578 0.023438 0.035156
0 0.237630 0.154948 0.032552 0.052083
0 0.072917 0.175781 0.104167 0.028646
0 0.196615 0.128255 0.018229 0.037760
0 0.276693 0.149740 0.035156 0.052083
0 0.220052 0.159505 0.028646 0.048177
0 0.182292 0.136068 0.023438 0.042969
0 0.552734 0.179688 0.037760 0.023438
0 0.918620 0.634766 0.029948 0.042969
0 0.294271 0.144531 0.031250 0.049479
0 0.162760 0.117839 0.018229 0.029948
0 0.333333 0.125000 0.062500 0.023438
