0 0.016927 0.348958 0.007812 0.010417
0 0.683594 0.393880 0.046875 0.027344
0 0.446615 0.266927 0.057292 0.028646
0 0.068359 0.320964 0.071615 0.024740
0 0.071615 0.339193 0.065104 0.016927
0 0.688151 0.405599 0.040365 0.019531
0 0.071615 0.360677 0.062500 0.031250
0 0.457682 0.285156 0.074219 0.031250
0 0.072917 0.305339 0.015625 0.009115
0 0.449870 0.321615 0.045573 0.020833
0 0.132161 0.844401 0.053385 0.029948
0 0.667318 0.384766 0.042969 0.022135
0 0.454427 0.305990 0.065104 0.028646
0 0.686198 0.417969 0.023438 0.015625
0 0.675130 0.368490 0.045573 0.020833
