0 0.615234 0.494792 0.037760 0.031250
0 0.493490 0.604818 0.062500 0.040365
0 0.451823 0.672526 0.057292 0.048177
0 0.585286 0.525391 0.037760 0.027344
0 0.626953 0.486328 0.037760 0.029948
0 0.434896 0.700521 0.039062 0.031250
0 0.636719 0.477865 0.036458 0.026042
0 0.835286 0.206380 0.037760 0.022135
0 0.577474 0.532552 0.040365 0.028646
0 0.575521 0.542969 0.026042 0.018229
0 0.555990 0.546875 0.049479 0.036458
0 0.293620 0.763021 0.058594 0.039062
0 0.447266 0.690104 0.037760 0.031250
0 0.548177 0.576823 0.028646 0.020833
0 0.543620 0.560547 0.053385 0.035156
