0 0.581380 0.784505 0.011719 0.016927
0 0.747396 0.540365 0.015625 0.023438
0 0.597656 0.822917 0.010417 0.015625
0 0.593750 0.800781 0.013021 0.020833
0 0.565104 0.801432 0.013021 0.016927
0 0.584635 0.800781 0.013021 0.015625
0 0.681641 0.666016 0.032552 0.069010
0 0.754557 0.564453 0.014323 0.024740
0 0.764974 0.584635 0.009115 0.015625
0 0.705729 0.659505 0.031250 0.066406
0 0.723307 0.546224 0.040365 0.087240
0 0.635417 0.773438 0.018229 0.031250
0 0.591797 0.824219 0.016927 0.020833
0 0.758464 0.585938 0.009115 0.015625
