0 0.479818 0.249349 0.014323 0.016927
0 0.447917 0.252604 0.013021 0.018229
0 0.049479 0.352214 0.007812 0.009115
0 0.488932 0.246745 0.014323 0.019531
0 0.406901 0.275391 0.022135 0.035156
0 0.497396 0.244141 0.013021 0.016927
0 0.013672 0.359375 0.006510 0.007812
0 0.041016 0.354167 0.014323 0.018229
0 0.378906 0.262370 0.010417 0.011719
0 0.032552 0.352865 0.010417 0.013021
0 0.062500 0.347656 0.010417 0.005208
0 0.460938 0.249349 0.013021 0.016927
0 0.371745 0.529297 0.014323 0.016927
0 0.437500 0.254557 0.015625 0.022135
