0 0.412760 0.242839 0.041667 0.058594
0 0.432943 0.132161 0.040365 0.058594
0 0.421224 0.126302 0.045573 0.062500
0 0.341797 0.295573 0.022135 0.033854
0 0.335938 0.457031 0.046875 0.059896
0 0.317708 0.326823 0.028646 0.033854
0 0.362630 0.328125 0.042969 0.059896
0 0.380859 0.223307 0.040365 0.061198
0 0.309896 0.320313 0.026042 0.033854
0 0.716797 0.527344 0.079427 0.148438
0 0.369792 0.215495 0.041667 0.061198
0 0.469401 0.141276 0.035156 0.050781
0 0.695964 0.363281 0.084635 0.057292
0 0.330078 0.291016 0.022135 0.032552
0 0.218099 0.833984 0.022135 0.016927
