0 0.686198 0.751302 0.023438 0.015625
0 0.446615 0.600260 0.057292 0.028646
0 0.457682 0.618490 0.074219 0.031250
0 0.072917 0.638672 0.015625 0.009115
0 0.454427 0.639323 0.065104 0.028646
0 0.683594 0.727214 0.046875 0.027344
0 0.667318 0.718099 0.042969 0.022135
0 0.071615 0.672526 0.065104 0.016927
0 0.068359 0.654297 0.071615 0.024740
0 0.675130 0.701823 0.045573 0.020833
0 0.449870 0.654948 0.045573 0.020833
0 0.071615 0.694010 0.062500 0.031250
0 0.688151 0.738932 0.040365 0.019531
0 0.016927 0.682292 0.007812 0.010417
