0 0.516276 0.780599 0.029948 0.011719
0 0.763021 0.337240 0.036458 0.020833
0 0.611328 0.343750 0.037760 0.010417
0 0.065755 0.558594 0.053385 0.031250
0 0.743490 0.940755 0.098958 0.035156
0 0.714844 0.919271 0.033854 0.013021
0 0.055339 0.105469 0.092448 0.046875
0 0.947917 0.604167 0.070312 0.036458
0 0.883464 0.869792 0.022135 0.026042
0 0.279948 0.401042 0.028646 0.010417
0 0.606120 0.366536 0.118490 0.040365
0 0.784505 0.320312 0.121094 0.075521
0 0.505208 0.800781 0.104167 0.039062
0 0.944010 0.587240 0.026042 0.013021
0 0.264323 0.380859 0.104167 0.040365
