0 0.071615 0.574870 0.007812 0.003906
0 0.646484 0.361328 0.011719 0.006510
0 0.878255 0.814453 0.016927 0.009115
0 0.419271 0.333984 0.007812 0.006510
0 0.276042 0.847005 0.026042 0.011719
0 0.630859 0.938802 0.016927 0.007812
0 0.058594 0.722656 0.031250 0.013021
0 0.442057 0.699870 0.014323 0.016927
0 0.169271 0.875651 0.018229 0.011719
0 0.416016 0.342448 0.009115 0.005208
0 0.152344 0.600260 0.010417 0.005208
0 0.951172 0.994792 0.029948 0.010417
0 0.666016 0.340495 0.011719 0.003906
0 0.670573 0.335938 0.010417 0.005208
