0 0.298828 0.535156 0.071615 0.033854
0 0.156250 0.287109 0.062500 0.045573
0 0.146484 0.304688 0.113281 0.080729
0 0.567708 0.655599 0.075521 0.027344
0 0.332682 0.080729 0.055990 0.057292
0 0.399089 0.248047 0.089844 0.037760
0 0.592448 0.154297 0.091146 0.084635
0 0.082031 0.583984 0.052083 0.016927
0 0.082031 0.597656 0.057292 0.018229
0 0.562500 0.625000 0.041667 0.020833
0 0.031901 0.565755 0.024740 0.029948
0 0.945312 0.463542 0.052083 0.054688
0 0.563802 0.638672 0.070312 0.024740
0 0.677083 0.453125 0.109375 0.104167
