0 0.568359 0.344401 0.011719 0.014323
0 0.391927 0.412109 0.013021 0.027344
0 0.416016 0.480469 0.016927 0.020833
0 0.578776 0.347005 0.019531 0.022135
0 0.427734 0.461589 0.011719 0.014323
0 0.465495 0.405599 0.016927 0.016927
0 0.557943 0.332031 0.011719 0.013021
0 0.554688 0.339193 0.015625 0.016927
0 0.430990 0.457682 0.010417 0.011719
0 0.477865 0.389974 0.010417 0.009115
0 0.442057 0.450521 0.011719 0.010417
0 0.480469 0.397135 0.010417 0.010417
0 0.417318 0.378255 0.019531 0.016927
0 0.461589 0.399740 0.016927 0.013021
0 0.562500 0.324870 0.020833 0.024740
