0 0.222656 0.251302 0.010417 0.005208
0 0.453125 0.420573 0.010417 0.005208
0 0.216146 0.233724 0.010417 0.009115
0 0.271484 0.425781 0.009115 0.007812
0 0.453125 0.424479 0.010417 0.002604
0 0.432292 0.427734 0.007812 0.006510
0 0.450521 0.423177 0.005208 0.002604
0 0.278646 0.427734 0.010417 0.009115
0 0.451823 0.428385 0.010417 0.005208
0 0.449870 0.432943 0.009115 0.003906
0 0.458984 0.432292 0.003906 0.002604
0 0.233724 0.319010 0.014323 0.010417
0 0.200521 0.230469 0.010417 0.007812
0 0.457682 0.384115 0.006510 0.007812
