0 0.903646 0.329427 0.039062 0.041667
0 0.921875 0.347005 0.044271 0.045573
0 0.529948 0.600260 0.039062 0.015625
0 0.811198 0.591146 0.158854 0.031250
0 0.618490 0.598307 0.036458 0.016927
0 0.324870 0.659505 0.040365 0.016927
0 0.628906 0.230469 0.062500 0.026042
0 0.916016 0.334635 0.040365 0.044271
0 0.484375 0.598307 0.039062 0.014323
0 0.610677 0.210286 0.054688 0.019531
0 0.576823 0.599609 0.036458 0.016927
0 0.223307 0.355469 0.037760 0.080729
0 0.320312 0.645833 0.044271 0.018229
0 0.150391 0.239583 0.061198 0.028646
