0 0.382812 0.600260 0.013021 0.013021
0 0.186849 0.450521 0.011719 0.018229
0 0.065104 0.399089 0.007812 0.011719
0 0.375000 0.610026 0.010417 0.009115
0 0.198568 0.517578 0.019531 0.011719
0 0.355469 0.619141 0.013021 0.009115
0 0.228516 0.493490 0.011719 0.015625
0 0.127604 0.440755 0.010417 0.016927
0 0.369792 0.606120 0.013021 0.011719
0 0.272786 0.482422 0.016927 0.019531
0 0.315755 0.494141 0.016927 0.022135
0 0.127604 0.430339 0.007812 0.006510
0 0.208984 0.417318 0.014323 0.016927
0 0.111328 0.384766 0.014323 0.011719
