0 0.876302 0.947266 0.002604 0.003906
0 0.880859 0.949870 0.006510 0.006510
0 0.981120 0.921224 0.011719 0.006510
0 0.879557 0.947266 0.009115 0.009115
0 0.875651 0.943359 0.011719 0.011719
0 0.889974 0.954427 0.009115 0.010417
0 0.984375 0.923177 0.013021 0.007812
0 0.986979 0.925781 0.013021 0.007812
0 0.886068 0.951823 0.006510 0.007812
0 0.884115 0.949219 0.007812 0.007812
0 0.913411 0.910807 0.011719 0.014323
0 0.983724 0.677083 0.011719 0.013021
0 0.929688 0.919271 0.013021 0.007812
0 0.986328 0.931641 0.011719 0.006510
0 0.916667 0.912109 0.005208 0.009115
