0 0.562500 0.958333 0.041667 0.020833
0 0.146484 0.638021 0.113281 0.080729
0 0.332682 0.414062 0.055990 0.057292
0 0.031901 0.899089 0.024740 0.029948
0 0.082031 0.917318 0.052083 0.016927
0 0.567708 0.987630 0.075521 0.024740
0 0.298828 0.868490 0.071615 0.033854
0 0.082031 0.930990 0.057292 0.018229
0 0.945312 0.796875 0.052083 0.054688
0 0.563802 0.972005 0.070312 0.024740
0 0.592448 0.487630 0.091146 0.084635
0 0.399089 0.581380 0.089844 0.037760
0 0.677083 0.786458 0.109375 0.104167
0 0.156250 0.620443 0.062500 0.045573
