0 0.812500 0.781901 0.018229 0.011719
0 0.347005 0.408203 0.011719 0.011719
0 0.835938 0.542318 0.018229 0.011719
0 0.537109 0.465495 0.040365 0.032552
0 0.587891 0.636719 0.016927 0.007812
0 0.646484 0.559896 0.019531 0.010417
0 0.454427 0.397786 0.007812 0.009115
0 0.431641 0.353516 0.014323 0.009115
0 0.819010 0.266927 0.010417 0.005208
0 0.725260 0.389323 0.031250 0.013021
0 0.596354 0.936198 0.020833 0.010417
0 0.925781 0.802734 0.018229 0.009115
0 0.738281 0.241536 0.007812 0.003906
0 0.942708 0.513672 0.026042 0.011719
0 0.480469 0.487630 0.015625 0.009115
