0 0.716146 0.933594 0.013021 0.013021
0 0.649089 0.827474 0.016927 0.022135
0 0.460938 0.774089 0.010417 0.016927
0 0.606120 0.815755 0.016927 0.019531
0 0.542318 0.750651 0.014323 0.016927
0 0.444661 0.718099 0.014323 0.011719
0 0.708333 0.943359 0.010417 0.009115
0 0.460938 0.763672 0.007812 0.006510
0 0.561849 0.826823 0.011719 0.015625
0 0.688802 0.952474 0.013021 0.009115
0 0.531901 0.850911 0.019531 0.011719
0 0.703125 0.939453 0.013021 0.011719
0 0.520182 0.783854 0.011719 0.018229
0 0.398438 0.732422 0.007812 0.011719
