0 0.130208 0.800130 0.031250 0.053385
0 0.251302 0.809245 0.023438 0.035156
0 0.294271 0.811198 0.031250 0.049479
0 0.072917 0.842448 0.104167 0.028646
0 0.149089 0.792318 0.024740 0.045573
0 0.276693 0.816406 0.035156 0.052083
0 0.237630 0.821615 0.032552 0.052083
0 0.182292 0.802734 0.023438 0.042969
0 0.462240 0.765625 0.062500 0.031250
0 0.162760 0.784505 0.018229 0.029948
0 0.333333 0.791667 0.062500 0.023438
0 0.196615 0.794922 0.018229 0.037760
0 0.552734 0.846354 0.037760 0.023438
0 0.220052 0.826172 0.028646 0.048177
