0 0.435547 0.457682 0.011719 0.011719
0 0.459635 0.369792 0.023438 0.020833
0 0.458333 0.386068 0.018229 0.014323
0 0.437500 0.450521 0.013021 0.013021
0 0.487630 0.389974 0.014323 0.011719
0 0.469401 0.415365 0.011719 0.010417
0 0.594401 0.336589 0.027344 0.035156
0 0.462240 0.391276 0.015625 0.011719
0 0.447917 0.445964 0.013021 0.014323
0 0.463542 0.425130 0.015625 0.014323
0 0.482422 0.384115 0.014323 0.013021
0 0.466797 0.398438 0.016927 0.015625
0 0.476562 0.374349 0.015625 0.014323
0 0.578125 0.309245 0.023438 0.024740
