0 0.530599 0.436849 0.037760 0.035156
0 0.698568 0.354167 0.014323 0.015625
0 0.350911 0.587240 0.035156 0.026042
0 0.386068 0.561849 0.050781 0.045573
0 0.425781 0.523438 0.023438 0.018229
0 0.360677 0.570964 0.026042 0.019531
0 0.604167 0.393229 0.018229 0.023438
0 0.322266 0.680339 0.040365 0.058594
0 0.399089 0.552083 0.050781 0.044271
0 0.593750 0.397135 0.018229 0.023438
0 0.412109 0.544271 0.050781 0.041667
0 0.279948 0.799479 0.010417 0.015625
0 0.357422 0.556641 0.024740 0.019531
0 0.339193 0.684245 0.029948 0.048177
0 0.304036 0.675781 0.040365 0.057292
