0 0.294271 0.477865 0.031250 0.049479
0 0.182292 0.469401 0.023438 0.042969
0 0.130208 0.466797 0.031250 0.053385
0 0.220052 0.492839 0.028646 0.048177
0 0.251302 0.475911 0.023438 0.035156
0 0.162760 0.451172 0.018229 0.029948
0 0.072917 0.509115 0.104167 0.028646
0 0.196615 0.461589 0.018229 0.037760
0 0.237630 0.488281 0.032552 0.052083
0 0.149089 0.458984 0.024740 0.045573
0 0.276693 0.483073 0.035156 0.052083
0 0.918620 0.968099 0.029948 0.042969
0 0.333333 0.458333 0.062500 0.023438
0 0.552734 0.513021 0.037760 0.023438
0 0.462240 0.432292 0.062500 0.031250
