0 0.047526 0.470703 0.016927 0.011719
0 0.177734 0.071615 0.050781 0.054688
0 0.298177 0.458984 0.057292 0.061198
0 0.017578 0.402995 0.035156 0.045573
0 0.082682 0.082682 0.071615 0.040365
0 0.425130 0.444661 0.037760 0.042969
0 0.313151 0.423177 0.058594 0.065104
0 0.382161 0.391927 0.055990 0.065104
0 0.041016 0.464193 0.016927 0.011719
0 0.259766 0.414062 0.042969 0.046875
0 0.029948 0.223958 0.046875 0.054688
0 0.329427 0.204427 0.044271 0.049479
0 0.163411 0.070312 0.011719 0.013021
0 0.197917 0.379557 0.041667 0.048177
0 0.032552 0.168620 0.062500 0.071615
