0 0.829427 0.749349 0.070312 0.022135
0 0.079427 0.437500 0.054688 0.020833
0 0.817708 0.365885 0.098958 0.028646
0 0.392578 0.524740 0.110677 0.028646
0 0.084635 0.708984 0.106771 0.024740
0 0.577474 0.417969 0.048177 0.023438
0 0.574219 0.223307 0.101562 0.032552
0 0.698568 0.316406 0.022135 0.013021
0 0.733724 0.591797 0.055990 0.019531
0 0.725911 0.991536 0.042969 0.016927
0 0.249349 0.883464 0.082031 0.019531
0 0.509115 0.677734 0.057292 0.019531
0 0.890625 0.589844 0.104167 0.033854
0 0.551432 0.871094 0.095052 0.031250
