0 0.961589 0.234375 0.016927 0.013021
0 0.844401 0.274089 0.009115 0.011719
0 0.839844 0.284505 0.023438 0.024740
0 0.808594 0.296224 0.013021 0.014323
0 0.868490 0.264974 0.018229 0.019531
0 0.629557 0.451823 0.014323 0.010417
0 0.799479 0.541016 0.062500 0.019531
0 0.607422 0.503255 0.009115 0.016927
0 0.727865 0.555339 0.049479 0.019531
0 0.764323 0.574870 0.138021 0.042969
0 0.694661 0.381510 0.032552 0.020833
0 0.979818 0.229818 0.011719 0.014323
0 0.913411 0.280599 0.032552 0.063802
0 0.948568 0.281250 0.048177 0.080729
