0 0.913411 0.577474 0.011719 0.014323
0 0.880859 0.616536 0.006510 0.006510
0 0.983724 0.343750 0.011719 0.013021
0 0.986328 0.598307 0.011719 0.006510
0 0.876302 0.613932 0.002604 0.003906
0 0.984375 0.589844 0.013021 0.007812
0 0.884115 0.615885 0.007812 0.007812
0 0.916667 0.578776 0.005208 0.009115
0 0.886068 0.618490 0.006510 0.007812
0 0.981120 0.587891 0.011719 0.006510
0 0.929688 0.585938 0.013021 0.007812
0 0.986979 0.592448 0.013021 0.007812
0 0.889974 0.621094 0.009115 0.010417
0 0.879557 0.613932 0.009115 0.009115
0 0.875651 0.610026 0.011719 0.011719
