0 0.425781 0.190104 0.023438 0.018229
0 0.357422 0.223307 0.024740 0.019531
0 0.386068 0.228516 0.050781 0.045573
0 0.698568 0.020833 0.014323 0.015625
0 0.360677 0.237630 0.026042 0.019531
0 0.530599 0.103516 0.037760 0.035156
0 0.350911 0.253906 0.035156 0.026042
0 0.279948 0.466146 0.010417 0.015625
0 0.399089 0.218750 0.050781 0.044271
0 0.322266 0.347005 0.040365 0.058594
0 0.593750 0.063802 0.018229 0.023438
0 0.412109 0.210938 0.050781 0.041667
0 0.304036 0.342448 0.040365 0.057292
0 0.604167 0.059896 0.018229 0.023438
0 0.339193 0.350911 0.029948 0.048177
