0 0.373698 0.406250 0.015625 0.007812
0 0.236979 0.520833 0.018229 0.015625
0 0.293620 0.455078 0.014323 0.009115
0 0.311849 0.268880 0.011719 0.006510
0 0.358724 0.088542 0.014323 0.007812
0 0.292318 0.368490 0.011719 0.010417
0 0.371745 0.071615 0.009115 0.020833
0 0.391276 0.044271 0.009115 0.015625
0 0.397786 0.067708 0.006510 0.013021
0 0.298177 0.319661 0.015625 0.011719
0 0.413411 0.069010 0.011719 0.015625
0 0.305990 0.315755 0.013021 0.009115
0 0.358073 0.110026 0.018229 0.009115
0 0.326172 0.205078 0.016927 0.011719
0 0.303385 0.387370 0.018229 0.009115
