0 0.072266 0.408203 0.014323 0.014323
0 0.824219 0.421224 0.018229 0.019531
0 0.804036 0.432943 0.016927 0.016927
0 0.788411 0.439453 0.016927 0.011719
0 0.831380 0.721354 0.240885 0.065104
0 0.219401 0.406901 0.014323 0.014323
0 0.333333 0.417318 0.015625 0.011719
0 0.177083 0.419922 0.018229 0.014323
0 0.400391 0.426432 0.022135 0.022135
0 0.238281 0.424479 0.020833 0.015625
0 0.845052 0.972005 0.015625 0.024740
0 0.093750 0.948568 0.164062 0.102865
0 0.089193 0.407552 0.019531 0.018229
0 0.031250 0.389323 0.020833 0.020833
