0 0.707682 0.664063 0.006510 0.005208
0 0.695964 0.640625 0.006510 0.005208
0 0.615234 0.476562 0.011719 0.007812
0 0.716797 0.663411 0.011719 0.006510
0 0.476562 0.306641 0.007812 0.009115
0 0.513672 0.319661 0.006510 0.009115
0 0.342448 0.203125 0.013021 0.007812
0 0.703776 0.677734 0.006510 0.006510
0 0.680990 0.634115 0.007812 0.005208
0 0.472005 0.330729 0.016927 0.015625
0 0.255208 0.410156 0.013021 0.013021
0 0.699219 0.625000 0.010417 0.005208
0 0.232422 0.862630 0.009115 0.024740
0 0.525391 0.402995 0.011719 0.009115
