0 0.705729 0.326172 0.031250 0.066406
0 0.764974 0.251302 0.009115 0.015625
0 0.723307 0.212891 0.040365 0.087240
0 0.565104 0.468099 0.013021 0.016927
0 0.591797 0.490885 0.016927 0.020833
0 0.597656 0.489583 0.010417 0.015625
0 0.584635 0.467448 0.013021 0.015625
0 0.747396 0.207031 0.015625 0.023438
0 0.758464 0.252604 0.009115 0.015625
0 0.681641 0.332682 0.032552 0.069010
0 0.635417 0.440104 0.018229 0.031250
0 0.581380 0.451172 0.011719 0.016927
0 0.593750 0.467448 0.013021 0.020833
0 0.754557 0.231120 0.014323 0.024740
