0 0.883464 0.469401 0.006510 0.006510
0 0.925130 0.397786 0.006510 0.006510
0 0.869792 0.397135 0.005208 0.010417
0 0.936198 0.434896 0.015625 0.013021
0 0.897135 0.479167 0.005208 0.007812
0 0.895833 0.445312 0.007812 0.007812
0 0.921224 0.467448 0.006510 0.007812
0 0.901042 0.494792 0.007812 0.007812
0 0.913411 0.395833 0.003906 0.010417
0 0.917318 0.480469 0.006510 0.005208
0 0.936198 0.417969 0.007812 0.007812
0 0.951823 0.548828 0.007812 0.011719
0 0.906901 0.458333 0.009115 0.007812
0 0.863281 0.485026 0.007812 0.006510
0 0.960286 0.520182 0.006510 0.006510
