0 0.559896 0.732422 0.044271 0.032552
0 0.112630 0.720703 0.037760 0.045573
0 0.768880 0.199219 0.045573 0.026042
0 0.646484 0.909505 0.048177 0.048177
0 0.201172 0.819661 0.024740 0.032552
0 0.729818 0.593750 0.042969 0.039062
0 0.209635 0.830729 0.072917 0.093750
0 0.354167 0.608073 0.065104 0.083333
0 0.098958 0.402995 0.072917 0.069010
0 0.645182 0.464193 0.055990 0.061198
0 0.679688 0.077474 0.020833 0.022135
0 0.877604 0.676432 0.033854 0.037760
0 0.839844 0.319010 0.041667 0.049479
0 0.868490 0.671224 0.033854 0.037760
