0 0.568359 0.458333 0.016927 0.018229
0 0.603516 0.438151 0.022135 0.014323
0 0.432943 0.499349 0.016927 0.014323
0 0.884766 0.424479 0.016927 0.018229
0 0.242188 0.617839 0.013021 0.014323
0 0.542318 0.460938 0.016927 0.018229
0 0.457682 0.483724 0.016927 0.014323
0 0.524089 0.457031 0.014323 0.015625
0 0.626953 0.445312 0.016927 0.018229
0 0.253255 0.619141 0.009115 0.011719
0 0.076823 0.707682 0.023438 0.019531
0 0.555339 0.455729 0.011719 0.018229
0 0.428385 0.504557 0.013021 0.009115
0 0.086589 0.703125 0.027344 0.023438
