0 0.494141 0.338542 0.095052 0.127604
0 0.626302 0.143229 0.018229 0.026042
0 0.149089 0.365885 0.037760 0.041667
0 0.213542 0.231120 0.036458 0.050781
0 0.513672 0.340495 0.029948 0.035156
0 0.320964 0.037760 0.055990 0.070312
0 0.211589 0.852214 0.029948 0.032552
0 0.151042 0.386719 0.020833 0.036458
0 0.195964 0.841146 0.042969 0.044271
0 0.134766 0.356771 0.040365 0.046875
0 0.141927 0.479167 0.049479 0.044271
0 0.542969 0.402995 0.065104 0.084635
0 0.552083 0.425130 0.096354 0.126302
0 0.201823 0.853516 0.023438 0.024740
