0 0.972005 0.266927 0.050781 0.020833
0 0.941406 0.214193 0.020833 0.011719
0 0.955078 0.248698 0.035156 0.015625
0 0.940104 0.194661 0.020833 0.009115
0 0.987630 0.330729 0.024740 0.020833
0 0.979167 0.315104 0.033854 0.026042
0 0.962891 0.276042 0.032552 0.013021
0 0.981120 0.294922 0.029948 0.014323
0 0.947917 0.174479 0.005208 0.013021
0 0.938802 0.201823 0.033854 0.015625
0 0.971354 0.287109 0.041667 0.022135
0 0.950521 0.237630 0.036458 0.016927
0 0.988932 0.316406 0.022135 0.020833
0 0.957682 0.255859 0.032552 0.014323
