0 0.819661 0.301432 0.014323 0.022135
0 0.407552 0.120443 0.010417 0.014323
0 0.417969 0.123698 0.002604 0.002604
0 0.420573 0.274740 0.023438 0.020833
0 0.785156 0.134766 0.015625 0.014323
0 0.664062 0.445964 0.010417 0.019531
0 0.673828 0.446615 0.006510 0.010417
0 0.508464 0.228516 0.027344 0.022135
0 0.665365 0.273438 0.002604 0.002604
0 0.667969 0.277344 0.002604 0.002604
0 0.404297 0.107422 0.009115 0.006510
0 0.414062 0.114583 0.002604 0.002604
0 0.416667 0.118490 0.002604 0.002604
0 0.654948 0.265625 0.007812 0.005208
0 0.660156 0.279948 0.002604 0.002604
0 0.666667 0.283854 0.007812 0.005208
0 0.277995 0.338542 0.011719 0.015625
