0 0.936849 0.757161 0.113281 0.040365
0 0.906901 0.474609 0.105469 0.032552
0 0.212240 0.591797 0.080729 0.024740
0 0.296875 0.877604 0.117188 0.044271
0 0.154948 0.389974 0.106771 0.048177
0 0.574870 0.925781 0.089844 0.052083
0 0.292969 0.158203 0.052083 0.024740
0 0.891927 0.492188 0.044271 0.015625
0 0.067708 0.947266 0.104167 0.045573
0 0.424479 0.597656 0.101562 0.031250
0 0.537109 0.220703 0.082031 0.027344
0 0.033854 0.462240 0.067708 0.033854
0 0.809896 0.241536 0.085938 0.027344
0 0.087240 0.671875 0.093750 0.039062
0 0.889323 0.013672 0.104167 0.027344
