0 0.940104 0.527995 0.020833 0.009115
0 0.987630 0.664063 0.024740 0.020833
0 0.955078 0.582031 0.035156 0.015625
0 0.971354 0.620443 0.041667 0.022135
0 0.972005 0.600260 0.050781 0.020833
0 0.981120 0.628255 0.029948 0.014323
0 0.988932 0.649740 0.022135 0.020833
0 0.950521 0.570964 0.036458 0.016927
0 0.938802 0.535156 0.033854 0.015625
0 0.941406 0.547526 0.020833 0.011719
0 0.962891 0.609375 0.032552 0.013021
0 0.957682 0.589193 0.032552 0.014323
0 0.979167 0.648438 0.033854 0.026042
0 0.947917 0.507813 0.005208 0.013021
