0 0.784505 0.130208 0.058594 0.015625
0 0.905599 0.078125 0.032552 0.013021
0 0.050781 0.645833 0.059896 0.018229
0 0.419271 0.080729 0.013021 0.015625
0 0.162760 0.173177 0.013021 0.007812
0 0.141927 0.094401 0.013021 0.014323
0 0.271484 0.126302 0.110677 0.033854
0 0.279297 0.091797 0.217448 0.045573
0 0.833984 0.103516 0.214844 0.045573
0 0.853516 0.076823 0.058594 0.015625
0 0.050130 0.604818 0.058594 0.019531
0 0.305990 0.060547 0.091146 0.022135
0 0.901693 0.342448 0.061198 0.023438
0 0.070312 0.625651 0.075521 0.024740
