0 0.200521 0.849609 0.007812 0.006510
0 0.126953 0.892578 0.011719 0.011719
0 0.123698 0.905599 0.005208 0.011719
0 0.109375 0.929036 0.013021 0.006510
0 0.193359 0.856120 0.006510 0.006510
0 0.272135 0.742839 0.007812 0.009115
0 0.144531 0.890625 0.010417 0.010417
0 0.136719 0.855469 0.010417 0.010417
0 0.195313 0.847005 0.005208 0.006510
0 0.211589 0.838542 0.003906 0.005208
0 0.117839 0.889974 0.009115 0.011719
0 0.110677 0.876302 0.013021 0.005208
0 0.161458 0.894531 0.010417 0.013021
0 0.164714 0.831380 0.011719 0.016927
0 0.134115 0.910156 0.007812 0.013021
