0 0.654948 0.796224 0.015625 0.009115
0 0.573568 0.956380 0.022135 0.016927
0 0.720703 0.289714 0.027344 0.024740
0 0.567708 0.758464 0.023438 0.029948
0 0.720703 0.422526 0.032552 0.024740
0 0.722005 0.356120 0.027344 0.022135
0 0.761719 0.394531 0.028646 0.020833
0 0.587240 0.898438 0.020833 0.015625
0 0.577474 0.989583 0.019531 0.010417
0 0.732422 0.509766 0.014323 0.014323
0 0.779297 0.255208 0.024740 0.020833
0 0.130859 0.239583 0.014323 0.015625
0 0.616536 0.875651 0.022135 0.014323
0 0.563151 0.937500 0.016927 0.015625
0 0.617839 0.643880 0.011719 0.019531
