0 0.230469 0.439453 0.020833 0.029948
0 0.546875 0.461589 0.033854 0.079427
0 0.489583 0.468750 0.033854 0.080729
0 0.449219 0.723307 0.057292 0.076823
0 0.686849 0.440755 0.040365 0.097656
0 0.604818 0.440755 0.037760 0.092448
0 0.444010 0.462891 0.033854 0.095052
0 0.660807 0.453776 0.040365 0.092448
0 0.248047 0.378906 0.037760 0.091146
0 0.418620 0.466797 0.029948 0.087240
0 0.890625 0.062500 0.028646 0.026042
0 0.654297 0.871094 0.045573 0.075521
0 0.935547 0.097656 0.087240 0.075521
0 0.200521 0.385417 0.031250 0.091146
