0 0.827474 0.831380 0.011719 0.024740
0 0.087240 0.941406 0.023438 0.020833
0 0.838542 0.869141 0.010417 0.022135
0 0.175130 0.895182 0.027344 0.022135
0 0.842448 0.904948 0.010417 0.028646
0 0.070964 0.774089 0.009115 0.006510
0 0.080729 0.781250 0.002604 0.002604
0 0.083333 0.785156 0.002604 0.002604
0 0.451823 0.801432 0.015625 0.014323
0 0.486328 0.968099 0.014323 0.022135
0 0.074219 0.787109 0.010417 0.014323
0 0.084635 0.790365 0.002604 0.002604
0 0.321615 0.932292 0.007812 0.005208
0 0.326823 0.946615 0.002604 0.002604
0 0.333333 0.950521 0.007812 0.005208
0 0.853516 0.926432 0.011719 0.022135
0 0.332031 0.940104 0.002604 0.002604
0 0.334635 0.944010 0.002604 0.002604
