0 0.770833 0.189453 0.072917 0.050781
0 0.766276 0.163411 0.058594 0.037760
0 0.417969 0.211589 0.028646 0.037760
0 0.365234 0.222656 0.037760 0.041667
0 0.358073 0.309245 0.091146 0.053385
0 0.393880 0.158854 0.050781 0.054688
0 0.410156 0.182943 0.023438 0.040365
0 0.768880 0.175781 0.061198 0.039062
0 0.763021 0.154297 0.052083 0.032552
0 0.757161 0.145833 0.058594 0.036458
0 0.255859 0.111979 0.027344 0.041667
0 0.430990 0.226562 0.026042 0.039062
0 0.363932 0.251953 0.084635 0.045573
0 0.369141 0.281901 0.105469 0.055990
