0 0.269531 0.101562 0.015625 0.013021
0 0.240234 0.125000 0.009115 0.007812
0 0.285156 0.215495 0.007812 0.011719
0 0.234375 0.161458 0.007812 0.007812
0 0.258464 0.064453 0.006510 0.006510
0 0.250651 0.147135 0.006510 0.005208
0 0.254557 0.134115 0.006510 0.007812
0 0.229167 0.111979 0.007812 0.007812
0 0.230469 0.145833 0.005208 0.007812
0 0.216797 0.136068 0.006510 0.006510
0 0.246745 0.062500 0.003906 0.010417
0 0.196615 0.151693 0.007812 0.006510
0 0.203125 0.063802 0.005208 0.010417
0 0.269531 0.084635 0.007812 0.007812
0 0.293620 0.186849 0.006510 0.006510
