0 0.121745 0.087891 0.042969 0.022135
0 0.128255 0.541667 0.050781 0.062500
0 0.182943 0.439453 0.022135 0.016927
0 0.115234 0.678385 0.024740 0.049479
0 0.145833 0.701172 0.010417 0.022135
0 0.260417 0.316406 0.067708 0.080729
0 0.221354 0.333984 0.041667 0.050781
0 0.106771 0.541016 0.041667 0.050781
0 0.102865 0.520182 0.057292 0.063802
0 0.110677 0.072917 0.080729 0.033854
0 0.160156 0.698568 0.026042 0.042969
0 0.172526 0.420573 0.027344 0.031250
0 0.185547 0.682292 0.035156 0.059896
0 0.138672 0.698568 0.011719 0.024740
