0 0.384766 0.472005 0.058594 0.032552
0 0.978516 0.438802 0.029948 0.054688
0 0.861328 0.305990 0.048177 0.039062
0 0.818359 0.258464 0.011719 0.006510
0 0.924479 0.196615 0.007812 0.005208
0 0.835286 0.324219 0.016927 0.015625
0 0.925130 0.411458 0.035156 0.046875
0 0.798828 0.267578 0.014323 0.006510
0 0.803385 0.255859 0.018229 0.009115
0 0.802083 0.262370 0.020833 0.009115
0 0.906250 0.158203 0.007812 0.011719
0 0.949870 0.420573 0.040365 0.044271
0 0.954427 0.431641 0.013021 0.014323
0 0.873698 0.319661 0.049479 0.045573
