0 0.035807 0.287109 0.040365 0.040365
0 0.218099 0.680990 0.014323 0.020833
0 0.126953 0.569661 0.009115 0.014323
0 0.136719 0.427734 0.028646 0.009115
0 0.172526 0.479818 0.011719 0.016927
0 0.304688 0.877604 0.020833 0.015625
0 0.271484 0.812500 0.011719 0.018229
0 0.402995 0.942708 0.016927 0.015625
0 0.076172 0.288411 0.011719 0.009115
0 0.132161 0.500000 0.009115 0.018229
0 0.065104 0.277344 0.018229 0.015625
0 0.289063 0.945964 0.010417 0.019531
0 0.252604 0.771484 0.033854 0.016927
0 0.283203 0.847005 0.011719 0.019531
0 0.133464 0.662760 0.009115 0.015625
