0 0.764323 0.491536 0.052083 0.053385
0 0.632813 0.925781 0.083333 0.049479
0 0.632812 0.944010 0.046875 0.026042
0 0.432292 0.744792 0.036458 0.018229
0 0.205729 0.567708 0.072917 0.033854
0 0.413411 0.782552 0.040365 0.018229
0 0.889323 0.697266 0.106771 0.042969
0 0.417969 0.772786 0.044271 0.019531
0 0.042318 0.940755 0.084635 0.095052
0 0.365885 0.214844 0.033854 0.031250
0 0.576823 0.040365 0.088542 0.059896
0 0.432292 0.761068 0.085938 0.040365
0 0.863932 0.277344 0.084635 0.052083
0 0.497396 0.498698 0.026042 0.013021
