0 0.949870 0.753906 0.040365 0.044271
0 0.803385 0.589193 0.018229 0.009115
0 0.906250 0.491536 0.007812 0.011719
0 0.835286 0.657552 0.016927 0.015625
0 0.873698 0.652995 0.049479 0.045573
0 0.978516 0.772135 0.029948 0.054688
0 0.861328 0.639323 0.048177 0.039062
0 0.924479 0.529948 0.007812 0.005208
0 0.954427 0.764974 0.013021 0.014323
0 0.802083 0.595703 0.020833 0.009115
0 0.925130 0.744792 0.035156 0.046875
0 0.818359 0.591797 0.011719 0.006510
0 0.798828 0.600911 0.014323 0.006510
0 0.384766 0.805339 0.058594 0.032552
