0 0.688151 0.948568 0.019531 0.009115
0 0.621745 0.957031 0.069010 0.023438
0 0.573568 0.793620 0.053385 0.016927
0 0.794922 0.438151 0.040365 0.032552
0 0.422526 0.750000 0.027344 0.007812
0 0.734375 0.551432 0.083333 0.029948
0 0.564453 0.767578 0.076823 0.019531
0 0.972005 0.742188 0.055990 0.020833
0 0.407552 0.740234 0.049479 0.022135
0 0.571615 0.781250 0.054688 0.010417
0 0.408854 0.763672 0.078125 0.027344
0 0.893229 0.917969 0.023438 0.007812
0 0.888021 0.907552 0.044271 0.015625
0 0.945964 0.906250 0.040365 0.018229
