0 0.373047 0.659505 0.032552 0.066406
0 0.430990 0.585286 0.010417 0.016927
0 0.264323 0.824870 0.007812 0.016927
0 0.425130 0.585938 0.009115 0.015625
0 0.251953 0.800130 0.014323 0.019531
0 0.255208 0.784505 0.010417 0.016927
0 0.247396 0.784505 0.010417 0.014323
0 0.387370 0.544922 0.048177 0.092448
0 0.421875 0.565755 0.015625 0.024740
0 0.262370 0.782552 0.014323 0.020833
0 0.346354 0.663411 0.031250 0.066406
0 0.302734 0.772135 0.016927 0.028646
0 0.258464 0.825521 0.011719 0.020833
0 0.478516 0.244792 0.032552 0.018229
