0 0.830729 0.498698 0.026042 0.013021
0 0.962240 0.925781 0.075521 0.049479
0 0.539062 0.567708 0.072917 0.033854
0 0.746745 0.782552 0.040365 0.018229
0 0.699219 0.214844 0.033854 0.031250
0 0.203776 0.723307 0.037760 0.024740
0 0.751302 0.772786 0.044271 0.019531
0 0.158203 0.889974 0.066406 0.063802
0 0.362630 0.937500 0.110677 0.101562
0 0.765625 0.761068 0.085938 0.040365
0 0.200521 0.738932 0.070312 0.050781
0 0.966146 0.944010 0.046875 0.026042
0 0.765625 0.744792 0.036458 0.018229
0 0.910156 0.040365 0.088542 0.059896
0 0.210938 0.717448 0.046875 0.036458
