0 0.287109 0.769531 0.084635 0.033854
0 0.286458 0.783854 0.044271 0.018229
0 0.703125 0.723958 0.054688 0.023438
0 0.498698 0.985677 0.036458 0.015625
0 0.294922 0.746745 0.035156 0.016927
0 0.291667 0.756510 0.044271 0.013021
0 0.889974 0.050130 0.022135 0.009115
0 0.347656 0.079427 0.078125 0.026042
0 0.169922 0.970703 0.063802 0.032552
0 0.893229 0.061198 0.091146 0.028646
0 0.029297 0.590495 0.058594 0.022135
0 0.293620 0.791667 0.032552 0.015625
0 0.490885 0.974609 0.078125 0.037760
0 0.480469 0.964844 0.046875 0.023438
