0 0.305990 0.393880 0.091146 0.022135
0 0.050781 0.979167 0.059896 0.018229
0 0.853516 0.410156 0.058594 0.015625
0 0.905599 0.411458 0.032552 0.013021
0 0.162760 0.506510 0.013021 0.007812
0 0.271484 0.459635 0.110677 0.033854
0 0.833984 0.436849 0.214844 0.045573
0 0.784505 0.463542 0.058594 0.015625
0 0.070312 0.958984 0.075521 0.024740
0 0.901693 0.675781 0.061198 0.023438
0 0.050130 0.938151 0.058594 0.019531
0 0.279297 0.425130 0.217448 0.045573
0 0.141927 0.427734 0.013021 0.014323
0 0.419271 0.414062 0.013021 0.015625
