0 0.466146 0.157552 0.080729 0.062500
0 0.416667 0.111979 0.072917 0.052083
0 0.440104 0.132812 0.119792 0.091146
0 0.515625 0.544922 0.044271 0.092448
0 0.667969 0.540365 0.028646 0.085938
0 0.734375 0.602865 0.062500 0.031250
0 0.393880 0.638021 0.037760 0.096354
0 0.352865 0.600911 0.013021 0.029948
0 0.249349 0.628255 0.032552 0.089844
0 0.821615 0.603516 0.072917 0.032552
0 0.367188 0.634115 0.039062 0.096354
0 0.417318 0.602865 0.011719 0.028646
0 0.638021 0.549479 0.031250 0.075521
0 0.591797 0.528646 0.045573 0.091146
