0 0.236328 0.126302 0.014323 0.018229
0 0.286458 0.111979 0.013021 0.015625
0 0.582031 0.089193 0.013021 0.019531
0 0.382812 0.099609 0.028646 0.035156
0 0.213542 0.129557 0.010417 0.016927
0 0.337891 0.100260 0.011719 0.010417
0 0.302083 0.110026 0.018229 0.019531
0 0.684896 0.057943 0.018229 0.022135
0 0.223307 0.124349 0.009115 0.014323
0 0.117839 0.156901 0.019531 0.011719
0 0.605469 0.077474 0.026042 0.024740
0 0.240234 0.157552 0.016927 0.015625
0 0.129557 0.148438 0.016927 0.010417
0 0.541016 0.083333 0.014323 0.015625
0 0.632812 0.069661 0.018229 0.024740
