0 0.126953 0.992839 0.019531 0.014323
0 0.833333 0.637370 0.046875 0.035156
0 0.044271 0.989583 0.020833 0.020833
0 0.007812 0.871745 0.015625 0.016927
0 0.598958 0.779948 0.101562 0.075521
0 0.036458 0.789714 0.026042 0.024740
0 0.004557 0.938802 0.009115 0.015625
0 0.583984 0.929688 0.084635 0.135417
0 0.622396 0.813802 0.140625 0.096354
0 0.302083 0.917969 0.028646 0.013021
0 0.777995 0.718099 0.178385 0.123698
0 0.956380 0.926432 0.087240 0.074219
0 0.232422 0.975911 0.011719 0.009115
0 0.195964 0.903646 0.027344 0.023438
