0 0.198568 0.184245 0.019531 0.011719
0 0.122396 0.750000 0.020833 0.010417
0 0.382812 0.266927 0.013021 0.013021
0 0.127604 0.107422 0.010417 0.016927
0 0.375000 0.276693 0.010417 0.009115
0 0.111328 0.051432 0.014323 0.011719
0 0.272786 0.149089 0.016927 0.019531
0 0.065104 0.065755 0.007812 0.011719
0 0.355469 0.285807 0.013021 0.009115
0 0.208984 0.083984 0.014323 0.016927
0 0.127604 0.097005 0.007812 0.006510
0 0.315755 0.160807 0.016927 0.022135
0 0.369792 0.272786 0.013021 0.011719
0 0.228516 0.160156 0.011719 0.015625
0 0.186849 0.117188 0.011719 0.018229
