0 0.995443 0.119141 0.009115 0.045573
0 0.752604 0.076172 0.015625 0.048177
0 0.606771 0.301432 0.015625 0.040365
0 0.479818 0.225911 0.014323 0.058594
0 0.977865 0.253255 0.026042 0.048177
0 0.812500 0.171875 0.013021 0.033854
0 0.863932 0.052734 0.011719 0.055990
0 0.736328 0.375000 0.040365 0.059896
0 0.874349 0.214844 0.024740 0.054688
0 0.520182 0.240885 0.014323 0.007812
0 0.600260 0.068359 0.015625 0.055990
0 0.690104 0.175130 0.010417 0.009115
0 0.746094 0.070313 0.005208 0.010417
0 0.678385 0.201172 0.013021 0.066406
0 0.738281 0.157552 0.028646 0.065104
