0 0.067708 0.075521 0.026042 0.057292
0 0.051432 0.011719 0.040365 0.020833
0 0.070313 0.030599 0.010417 0.024740
0 0.043620 0.063802 0.024740 0.059896
0 0.041667 0.024740 0.031250 0.018229
0 0.061198 0.034505 0.010417 0.016927
0 0.049479 0.019531 0.031250 0.015625
0 0.042318 0.115234 0.016927 0.024740
0 0.075521 0.122396 0.015625 0.028646
0 0.032552 0.110026 0.020833 0.027344
0 0.054688 0.116536 0.015625 0.029948
0 0.064453 0.119792 0.011719 0.026042
0 0.026693 0.059896 0.011719 0.031250
0 0.014323 0.059896 0.013021 0.036458
