0 0.417969 0.544922 0.028646 0.037760
0 0.369141 0.615234 0.105469 0.055990
0 0.757161 0.479167 0.058594 0.036458
0 0.430990 0.559896 0.026042 0.039062
0 0.365234 0.555990 0.037760 0.041667
0 0.729167 0.099609 0.070312 0.069010
0 0.410156 0.516276 0.023438 0.040365
0 0.358073 0.642578 0.091146 0.053385
0 0.770833 0.522786 0.072917 0.050781
0 0.768880 0.509115 0.061198 0.039062
0 0.393880 0.492188 0.050781 0.054688
0 0.766276 0.496745 0.058594 0.037760
0 0.763021 0.487630 0.052083 0.032552
0 0.255859 0.445312 0.027344 0.041667
0 0.363932 0.585286 0.084635 0.045573
