0 0.529948 0.128255 0.018229 0.037760
0 0.515625 0.136068 0.023438 0.042969
0 0.627604 0.144531 0.031250 0.049479
0 0.496094 0.117839 0.018229 0.029948
0 0.886068 0.179688 0.037760 0.023438
0 0.584635 0.142578 0.023438 0.035156
0 0.063151 0.531901 0.053385 0.032552
0 0.666667 0.125000 0.062500 0.023438
0 0.610026 0.149740 0.035156 0.052083
0 0.406250 0.175781 0.104167 0.028646
0 0.463542 0.133464 0.031250 0.053385
0 0.795573 0.098958 0.062500 0.031250
0 0.570964 0.154948 0.032552 0.052083
0 0.553385 0.159505 0.028646 0.048177
0 0.482422 0.125651 0.024740 0.045573
