0 0.896484 0.341146 0.037760 0.039062
0 0.132812 0.244141 0.062500 0.027344
0 0.559245 0.604818 0.035156 0.014323
0 0.595052 0.188151 0.023438 0.011719
0 0.205078 0.354167 0.037760 0.075521
0 0.794271 0.593750 0.153646 0.028646
0 0.600911 0.604167 0.040365 0.015625
0 0.593750 0.214844 0.054688 0.023438
0 0.466797 0.606771 0.037760 0.013021
0 0.612630 0.237630 0.063802 0.027344
0 0.304036 0.650391 0.042969 0.016927
0 0.904297 0.352865 0.048177 0.049479
0 0.308594 0.664714 0.044271 0.016927
0 0.513021 0.604167 0.039062 0.015625
0 0.886068 0.335286 0.032552 0.035156
