0 0.798828 0.738932 0.016927 0.016927
0 0.749349 0.813802 0.016927 0.020833
0 0.912109 0.680339 0.019531 0.022135
0 0.725260 0.745443 0.013021 0.027344
0 0.895833 0.658203 0.020833 0.024740
0 0.764323 0.791016 0.010417 0.011719
0 0.811198 0.723307 0.010417 0.009115
0 0.891276 0.665365 0.011719 0.013021
0 0.813802 0.730469 0.010417 0.010417
0 0.775391 0.783854 0.011719 0.010417
0 0.794922 0.733073 0.016927 0.013021
0 0.761068 0.794922 0.011719 0.014323
0 0.888021 0.672526 0.015625 0.016927
0 0.750651 0.711589 0.019531 0.016927
0 0.901693 0.677734 0.011719 0.014323
