0 0.382161 0.767578 0.024740 0.032552
0 0.536458 0.744141 0.010417 0.014323
0 0.679688 0.720703 0.013021 0.022135
0 0.970703 0.344401 0.037760 0.055990
0 0.208333 0.795573 0.013021 0.015625
0 0.271484 0.772135 0.019531 0.013021
0 0.123698 0.817057 0.018229 0.011719
0 0.222005 0.789714 0.009115 0.014323
0 0.233724 0.791667 0.014323 0.018229
0 0.292318 0.777995 0.014323 0.016927
0 0.190755 0.789714 0.011719 0.014323
0 0.592448 0.742839 0.013021 0.022135
0 0.624349 0.738932 0.022135 0.024740
0 0.983724 0.347656 0.032552 0.057292
0 0.560547 0.756510 0.014323 0.018229
