0 0.737630 0.908854 0.014323 0.007812
0 0.065104 0.651693 0.018229 0.024740
0 0.369792 0.437500 0.125000 0.187500
0 0.026693 0.647135 0.022135 0.028646
0 0.048828 0.644531 0.074219 0.096354
0 0.092448 0.888021 0.015625 0.018229
0 0.115885 0.848307 0.015625 0.027344
0 0.158203 0.884766 0.045573 0.087240
0 0.788411 0.177734 0.063802 0.050781
0 0.553385 0.843750 0.078125 0.125000
0 0.139323 0.878906 0.046875 0.091146
0 0.822266 0.518229 0.074219 0.106771
0 0.125651 0.861979 0.055990 0.091146
0 0.070313 0.655599 0.010417 0.009115
