0 0.262370 0.531901 0.011719 0.006510
0 0.282552 0.506510 0.013021 0.005208
0 0.092448 0.139974 0.007812 0.014323
0 0.307943 0.479167 0.014323 0.005208
0 0.150391 0.744792 0.014323 0.007812
0 0.307943 0.472656 0.011719 0.005208
0 0.305990 0.483724 0.015625 0.003906
0 0.299479 0.495443 0.013021 0.003906
0 0.270182 0.521484 0.011719 0.006510
0 0.249349 0.542969 0.014323 0.007812
0 0.132812 0.777344 0.018229 0.010417
0 0.128906 0.824219 0.018229 0.010417
0 0.307943 0.464844 0.011719 0.005208
0 0.305990 0.489583 0.015625 0.005208
0 0.289714 0.500000 0.014323 0.007812
