0 0.082682 0.480469 0.016927 0.020833
0 0.058594 0.412109 0.013021 0.027344
0 0.097656 0.457682 0.010417 0.011719
0 0.229167 0.324870 0.020833 0.024740
0 0.108724 0.450521 0.011719 0.010417
0 0.245443 0.347005 0.019531 0.022135
0 0.128255 0.399740 0.016927 0.013021
0 0.224609 0.332031 0.011719 0.013021
0 0.144531 0.389974 0.010417 0.009115
0 0.083984 0.378255 0.019531 0.016927
0 0.147135 0.397135 0.010417 0.010417
0 0.235026 0.344401 0.011719 0.014323
0 0.132161 0.405599 0.016927 0.016927
0 0.221354 0.339193 0.015625 0.016927
0 0.094401 0.461589 0.011719 0.014323
