0 0.618490 0.215495 0.007812 0.011719
0 0.602865 0.084635 0.007812 0.007812
0 0.626953 0.186849 0.006510 0.006510
0 0.536458 0.063802 0.005208 0.010417
0 0.573568 0.125000 0.009115 0.007812
0 0.602865 0.101562 0.015625 0.013021
0 0.591797 0.064453 0.006510 0.006510
0 0.583984 0.147135 0.006510 0.005208
0 0.587891 0.134115 0.006510 0.007812
0 0.567708 0.161458 0.007812 0.007812
0 0.580078 0.062500 0.003906 0.010417
0 0.550130 0.136068 0.006510 0.006510
0 0.529948 0.151693 0.007812 0.006510
0 0.562500 0.111979 0.007812 0.007812
0 0.563802 0.145833 0.005208 0.007812
