0 0.112630 0.518229 0.037760 0.015625
0 0.591797 0.866536 0.087240 0.061198
0 0.838542 0.467448 0.104167 0.039062
0 0.849609 0.447266 0.029948 0.011719
0 0.202474 0.864583 0.084635 0.059896
0 0.399089 0.225260 0.053385 0.031250
0 0.939453 0.033203 0.118490 0.040365
0 0.120443 0.540365 0.118490 0.054688
0 0.597656 0.047526 0.104167 0.040365
0 0.300130 0.902344 0.029948 0.020833
0 0.613281 0.067708 0.028646 0.010417
0 0.944661 0.010417 0.037760 0.010417
0 0.619792 0.860026 0.026042 0.019531
0 0.886719 0.859375 0.046875 0.023438
