0 0.477865 0.723307 0.010417 0.009115
0 0.554688 0.672526 0.015625 0.016927
0 0.461589 0.733073 0.016927 0.013021
0 0.416016 0.813802 0.016927 0.020833
0 0.427734 0.794922 0.011719 0.014323
0 0.578776 0.680339 0.019531 0.022135
0 0.391927 0.745443 0.013021 0.027344
0 0.568359 0.677734 0.011719 0.014323
0 0.430990 0.791016 0.010417 0.011719
0 0.465495 0.738932 0.016927 0.016927
0 0.442057 0.783854 0.011719 0.010417
0 0.417318 0.711589 0.019531 0.016927
0 0.557943 0.665365 0.011719 0.013021
0 0.480469 0.730469 0.010417 0.010417
0 0.562500 0.658203 0.020833 0.024740
