0 0.636719 0.144531 0.036458 0.026042
0 0.585286 0.192057 0.037760 0.027344
0 0.615234 0.161458 0.037760 0.031250
0 0.626953 0.152995 0.037760 0.029948
0 0.548177 0.243490 0.028646 0.020833
0 0.451823 0.339193 0.057292 0.048177
0 0.493490 0.271484 0.062500 0.040365
0 0.555990 0.213542 0.049479 0.036458
0 0.447266 0.356771 0.037760 0.031250
0 0.293620 0.429688 0.058594 0.039062
0 0.434896 0.367188 0.039062 0.031250
0 0.577474 0.199219 0.040365 0.028646
0 0.575521 0.209635 0.026042 0.018229
0 0.543620 0.227214 0.053385 0.035156
