0 0.470052 0.863281 0.007812 0.013021
0 0.545573 0.468099 0.007812 0.011719
0 0.598958 0.235677 0.010417 0.013021
0 0.563151 0.925130 0.011719 0.014323
0 0.473958 0.677083 0.010417 0.013021
0 0.395833 0.576172 0.010417 0.011719
0 0.729167 0.707031 0.007812 0.010417
0 0.842448 0.865885 0.010417 0.013021
0 0.471354 0.175130 0.007812 0.014323
0 0.531901 0.272786 0.006510 0.011719
0 0.720052 0.305990 0.013021 0.015625
0 0.639974 0.436849 0.011719 0.011719
0 0.561198 0.468099 0.007812 0.011719
0 0.300130 0.227214 0.003906 0.009115
0 0.468750 0.557292 0.010417 0.007812
