0 0.595703 0.449219 0.014323 0.020833
0 0.755208 0.232422 0.015625 0.024740
0 0.636068 0.438802 0.016927 0.028646
0 0.758464 0.252604 0.009115 0.015625
0 0.160156 0.359375 0.007812 0.013021
0 0.679688 0.330078 0.031250 0.066406
0 0.720703 0.211589 0.048177 0.092448
0 0.591797 0.492188 0.011719 0.020833
0 0.597656 0.491536 0.007812 0.016927
0 0.164714 0.417318 0.009115 0.011719
0 0.764323 0.251953 0.010417 0.016927
0 0.706380 0.326172 0.032552 0.066406
0 0.580729 0.451172 0.010417 0.014323
0 0.588542 0.451172 0.010417 0.016927
0 0.585286 0.466797 0.014323 0.019531
