0 0.451823 0.468099 0.015625 0.014323
0 0.486328 0.634766 0.014323 0.022135
0 0.175130 0.561849 0.027344 0.022135
0 0.838542 0.535807 0.010417 0.022135
0 0.070964 0.440755 0.009115 0.006510
0 0.080729 0.447917 0.002604 0.002604
0 0.083333 0.451823 0.002604 0.002604
0 0.842448 0.571615 0.010417 0.028646
0 0.087240 0.608073 0.023438 0.020833
0 0.853516 0.593099 0.011719 0.022135
0 0.330729 0.779297 0.010417 0.019531
0 0.340495 0.779948 0.006510 0.010417
0 0.827474 0.498047 0.011719 0.024740
0 0.332031 0.606771 0.002604 0.002604
0 0.334635 0.610677 0.002604 0.002604
0 0.074219 0.453776 0.010417 0.014323
0 0.084635 0.457031 0.002604 0.002604
0 0.321615 0.598958 0.007812 0.005208
0 0.326823 0.613281 0.002604 0.002604
0 0.333333 0.617188 0.007812 0.005208
