0 0.051432 0.824870 0.040365 0.037760
0 0.830729 0.644531 0.057292 0.065104
0 0.011719 0.786458 0.023438 0.020833
0 0.733073 0.444010 0.062500 0.052083
0 0.188802 0.940755 0.054688 0.040365
0 0.827474 0.910156 0.048177 0.041667
0 0.384115 0.386719 0.054688 0.041667
0 0.369141 0.940104 0.042969 0.054688
0 0.357422 0.944661 0.040365 0.053385
0 0.248698 0.806641 0.028646 0.019531
0 0.654297 0.873698 0.042969 0.046875
0 0.502604 0.619792 0.054688 0.046875
0 0.494141 0.634115 0.105469 0.091146
0 0.222656 0.787109 0.018229 0.014323
