0 0.330078 0.624349 0.022135 0.032552
0 0.369792 0.548828 0.041667 0.061198
0 0.341797 0.628906 0.022135 0.033854
0 0.190755 0.243490 0.108073 0.072917
0 0.317708 0.660156 0.028646 0.033854
0 0.335938 0.790365 0.046875 0.059896
0 0.716797 0.860677 0.079427 0.148438
0 0.469401 0.474609 0.035156 0.050781
0 0.380859 0.556641 0.040365 0.061198
0 0.695964 0.696615 0.084635 0.057292
0 0.432943 0.465495 0.040365 0.058594
0 0.421224 0.459635 0.045573 0.062500
0 0.362630 0.661458 0.042969 0.059896
0 0.412760 0.576172 0.041667 0.058594
0 0.309896 0.653646 0.026042 0.033854
