0 0.599609 0.369141 0.024740 0.063802
0 0.963542 0.958984 0.072917 0.053385
0 0.958333 0.916016 0.083333 0.053385
0 0.918620 0.370443 0.035156 0.082031
0 0.563802 0.359375 0.020833 0.054688
0 0.498047 0.358724 0.022135 0.074219
0 0.580729 0.364583 0.020833 0.062500
0 0.618490 0.366536 0.020833 0.053385
0 0.895833 0.362630 0.033854 0.082031
0 0.260417 0.778646 0.015625 0.015625
0 0.933594 0.380208 0.010417 0.031250
0 0.195312 0.783203 0.033854 0.108073
0 0.522786 0.367188 0.032552 0.104167
0 0.545573 0.361328 0.018229 0.066406
