0 0.723307 0.297526 0.009115 0.027344
0 0.535156 0.232422 0.020833 0.032552
0 0.820964 0.570964 0.014323 0.016927
0 0.781901 0.302083 0.027344 0.028646
0 0.587240 0.524089 0.013021 0.014323
0 0.817057 0.316406 0.079427 0.093750
0 0.183594 0.143880 0.023438 0.050781
0 0.546224 0.651693 0.022135 0.014323
0 0.204427 0.149089 0.028646 0.058594
0 0.546224 0.249349 0.035156 0.058594
0 0.171875 0.636719 0.013021 0.015625
0 0.709635 0.311849 0.018229 0.050781
0 0.020833 0.049479 0.015625 0.015625
0 0.226562 0.152995 0.031250 0.087240
