0 0.289062 0.133464 0.013021 0.011719
0 0.960286 0.119792 0.053385 0.091146
0 0.518880 0.188151 0.019531 0.009115
0 0.535807 0.106771 0.024740 0.028646
0 0.163411 0.017578 0.014323 0.014323
0 0.261719 0.024740 0.015625 0.015625
0 0.475260 0.069010 0.018229 0.015625
0 0.221354 0.054688 0.010417 0.010417
0 0.600260 0.053385 0.015625 0.013021
0 0.399089 0.104818 0.011719 0.011719
0 0.974609 0.071615 0.050781 0.127604
0 0.955729 0.136719 0.023438 0.039062
0 0.432292 0.154297 0.013021 0.011719
0 0.480469 0.138672 0.013021 0.014323
0 0.600911 0.085286 0.014323 0.014323
