0 0.613281 0.466146 0.010417 0.015625
0 0.937500 0.059896 0.018229 0.023438
0 0.218099 0.757812 0.016927 0.018229
0 0.759115 0.190104 0.023438 0.018229
0 0.672526 0.350911 0.029948 0.048177
0 0.863932 0.103516 0.037760 0.035156
0 0.637370 0.342448 0.040365 0.057292
0 0.690755 0.223307 0.024740 0.019531
0 0.655599 0.347005 0.040365 0.058594
0 0.694010 0.237630 0.026042 0.019531
0 0.745443 0.210938 0.050781 0.041667
0 0.732422 0.218750 0.050781 0.044271
0 0.927083 0.063802 0.018229 0.023438
0 0.684245 0.253906 0.035156 0.026042
0 0.719401 0.228516 0.050781 0.045573
