0 0.587891 0.725260 0.014323 0.010417
0 0.388021 0.179036 0.018229 0.014323
0 0.047526 0.536458 0.014323 0.015625
0 0.537760 0.774089 0.013021 0.014323
0 0.375651 0.228516 0.019531 0.016927
0 0.679036 0.458333 0.024740 0.018229
0 0.281250 0.333984 0.013021 0.011719
0 0.674479 0.574870 0.026042 0.014323
0 0.333333 0.263672 0.020833 0.019531
0 0.748047 0.606771 0.022135 0.015625
0 0.289062 0.291016 0.015625 0.014323
0 0.328776 0.272135 0.014323 0.013021
0 0.317057 0.277995 0.014323 0.014323
0 0.603516 0.713542 0.027344 0.023438
