0 0.208333 0.981771 0.013021 0.013021
0 0.156250 0.945964 0.015625 0.011719
0 0.064453 0.909505 0.009115 0.011719
0 0.200521 0.975260 0.013021 0.013021
0 0.192057 0.965495 0.014323 0.014323
0 0.127604 0.934245 0.015625 0.016927
0 0.109375 0.988281 0.026042 0.023438
0 0.085938 0.910156 0.013021 0.015625
0 0.076172 0.907552 0.011719 0.015625
0 0.166667 0.953776 0.015625 0.016927
0 0.035156 0.957682 0.015625 0.016927
0 0.178385 0.966797 0.020833 0.019531
0 0.060547 0.902344 0.014323 0.015625
0 0.141276 0.940104 0.016927 0.018229
