0 0.610677 0.137370 0.020833 0.037760
0 0.554688 0.154297 0.026042 0.048177
0 0.516927 0.239583 0.015625 0.044271
0 0.626953 0.143880 0.027344 0.055990
0 0.600260 0.145833 0.026042 0.046875
0 0.397135 0.687500 0.065104 0.078125
0 0.570313 0.153646 0.028646 0.052083
0 0.680339 0.147135 0.032552 0.062500
0 0.425130 0.188151 0.022135 0.053385
0 0.011719 0.402995 0.015625 0.016927
0 0.333333 0.460286 0.023438 0.016927
0 0.975911 0.061849 0.032552 0.011719
0 0.438151 0.255859 0.058594 0.032552
0 0.652995 0.150391 0.037760 0.061198
0 0.939453 0.738281 0.040365 0.046875
