0 0.683594 0.858073 0.020833 0.049479
0 0.680339 0.736979 0.040365 0.057292
0 0.940104 0.429036 0.057292 0.058594
0 0.689453 0.942708 0.016927 0.041667
0 0.695312 0.733073 0.031250 0.041667
0 0.674479 0.944661 0.015625 0.042969
0 0.665365 0.742839 0.033854 0.053385
0 0.957682 0.386719 0.014323 0.010417
0 0.942057 0.401042 0.009115 0.007812
0 0.642578 0.696615 0.035156 0.049479
0 0.653646 0.750000 0.028646 0.046875
0 0.630859 0.707031 0.027344 0.041667
0 0.696615 0.864583 0.020833 0.049479
0 0.940104 0.396484 0.018229 0.014323
