0 0.319010 0.325521 0.044271 0.020833
0 0.308594 0.367839 0.033854 0.022135
0 0.191406 0.123047 0.015625 0.029948
0 0.207031 0.111328 0.018229 0.040365
0 0.248047 0.055339 0.006510 0.014323
0 0.085286 0.534505 0.058594 0.035156
0 0.317057 0.338542 0.040365 0.018229
0 0.215495 0.111328 0.016927 0.037760
0 0.356771 0.135417 0.020833 0.044271
0 0.182943 0.126953 0.022135 0.040365
0 0.661458 0.065755 0.010417 0.011719
0 0.314453 0.347656 0.037760 0.020833
0 0.197917 0.114583 0.026042 0.046875
0 0.368490 0.139323 0.015625 0.046875
0 0.310547 0.357422 0.035156 0.022135
