0 0.254557 0.467448 0.006510 0.007812
0 0.258464 0.397786 0.006510 0.006510
0 0.246745 0.395833 0.003906 0.010417
0 0.240234 0.458333 0.009115 0.007812
0 0.230469 0.479167 0.005208 0.007812
0 0.229167 0.445312 0.007812 0.007812
0 0.203125 0.397135 0.005208 0.010417
0 0.196615 0.485026 0.007812 0.006510
0 0.216797 0.469401 0.006510 0.006510
0 0.269531 0.417969 0.007812 0.007812
0 0.269531 0.434896 0.015625 0.013021
0 0.293620 0.520182 0.006510 0.006510
0 0.250651 0.480469 0.006510 0.005208
0 0.285156 0.548828 0.007812 0.011719
0 0.234375 0.494792 0.007812 0.007812
