0 0.466146 0.490885 0.080729 0.062500
0 0.591797 0.861979 0.045573 0.091146
0 0.352865 0.934245 0.013021 0.029948
0 0.394531 0.961589 0.036458 0.076823
0 0.249349 0.958333 0.032552 0.083333
0 0.367839 0.959635 0.037760 0.080729
0 0.417318 0.936198 0.011719 0.028646
0 0.515625 0.878255 0.044271 0.092448
0 0.734375 0.936198 0.062500 0.031250
0 0.821615 0.936849 0.072917 0.032552
0 0.440104 0.466146 0.119792 0.091146
0 0.416667 0.445313 0.072917 0.052083
0 0.667318 0.873698 0.029948 0.085938
0 0.638021 0.882812 0.031250 0.075521
