0 0.960286 0.186849 0.006510 0.006510
0 0.906901 0.125000 0.009115 0.007812
0 0.951823 0.215495 0.007812 0.011719
0 0.936198 0.101562 0.015625 0.013021
0 0.863281 0.151693 0.007812 0.006510
0 0.897135 0.145833 0.005208 0.007812
0 0.913411 0.062500 0.003906 0.010417
0 0.901042 0.161458 0.007812 0.007812
0 0.925130 0.064453 0.006510 0.006510
0 0.883464 0.136068 0.006510 0.006510
0 0.921224 0.134115 0.006510 0.007812
0 0.869792 0.063802 0.005208 0.010417
0 0.936198 0.084635 0.007812 0.007812
0 0.895833 0.111979 0.007812 0.007812
0 0.917318 0.147135 0.006510 0.005208
