0 0.693359 0.082031 0.011719 0.028646
0 0.238281 0.046875 0.039062 0.080729
0 0.195964 0.057292 0.035156 0.085938
0 0.435547 0.126953 0.037760 0.100260
0 0.218099 0.109375 0.011719 0.028646
0 0.274740 0.032552 0.015625 0.031250
0 0.599609 0.104818 0.040365 0.095052
0 0.708984 0.141276 0.014323 0.029948
0 0.686198 0.119141 0.039062 0.092448
0 0.537109 0.117839 0.032552 0.061198
0 0.209635 0.113281 0.007812 0.018229
0 0.497396 0.125651 0.018229 0.058594
0 0.671224 0.184896 0.016927 0.031250
0 0.259115 0.044922 0.033854 0.074219
0 0.660807 0.122396 0.040365 0.098958
