0 0.508464 0.561849 0.027344 0.022135
0 0.277995 0.671875 0.011719 0.015625
0 0.407552 0.453776 0.010417 0.014323
0 0.417969 0.457031 0.002604 0.002604
0 0.665365 0.606771 0.002604 0.002604
0 0.667969 0.610677 0.002604 0.002604
0 0.785156 0.468099 0.015625 0.014323
0 0.664062 0.779297 0.010417 0.019531
0 0.673828 0.779948 0.006510 0.010417
0 0.420573 0.608073 0.023438 0.020833
0 0.819661 0.634766 0.014323 0.022135
0 0.404297 0.440755 0.009115 0.006510
0 0.414062 0.447917 0.002604 0.002604
0 0.416667 0.451823 0.002604 0.002604
0 0.654948 0.598958 0.007812 0.005208
0 0.660156 0.613281 0.002604 0.002604
0 0.666667 0.617188 0.007812 0.005208
