0 0.462891 0.492839 0.014323 0.014323
0 0.575521 0.406901 0.010417 0.032552
0 0.895182 0.160156 0.011719 0.015625
0 0.794271 0.097005 0.007812 0.006510
0 0.875651 0.083984 0.014323 0.016927
0 0.853516 0.117188 0.011719 0.018229
0 0.939453 0.149089 0.016927 0.019531
0 0.731771 0.065755 0.007812 0.011719
0 0.794271 0.107422 0.010417 0.016927
0 0.865234 0.184245 0.019531 0.011719
0 0.308594 0.220052 0.010417 0.018229
0 0.777995 0.051432 0.014323 0.011719
0 0.789063 0.750000 0.020833 0.010417
0 0.982422 0.160807 0.016927 0.022135
