0 0.183594 0.247396 0.039062 0.020833
0 0.268880 0.414063 0.014323 0.013021
0 0.199870 0.237630 0.029948 0.032552
0 0.619141 0.651693 0.037760 0.029948
0 0.536458 0.605469 0.018229 0.028646
0 0.930339 0.559896 0.009115 0.007812
0 0.508464 0.585286 0.024740 0.032552
0 0.569010 0.604167 0.020833 0.039062
0 0.576823 0.617839 0.023438 0.032552
0 0.463542 0.520182 0.007812 0.006510
0 0.645833 0.693359 0.028646 0.022135
0 0.831380 0.831380 0.029948 0.027344
0 0.261068 0.387370 0.011719 0.011719
0 0.460938 0.533854 0.023438 0.020833
