0 0.253255 0.682943 0.040365 0.014323
0 0.726563 0.158203 0.075521 0.217448
0 0.563151 0.106120 0.220052 0.053385
0 0.107422 0.692057 0.214844 0.058594
0 0.698568 0.019531 0.014323 0.036458
0 0.727865 0.515625 0.023438 0.062500
0 0.704427 0.648438 0.033854 0.013021
0 0.298177 0.666667 0.041667 0.018229
0 0.722005 0.018880 0.006510 0.016927
0 0.255208 0.667969 0.044271 0.018229
0 0.763672 0.528646 0.006510 0.018229
0 0.332031 0.798177 0.033854 0.036458
0 0.712891 0.018229 0.014323 0.036458
0 0.749349 0.514323 0.022135 0.062500
