0 0.094401 0.794922 0.011719 0.014323
0 0.224609 0.665365 0.011719 0.013021
0 0.229167 0.658203 0.020833 0.024740
0 0.147135 0.730469 0.010417 0.010417
0 0.128255 0.733073 0.016927 0.013021
0 0.058594 0.745443 0.013021 0.027344
0 0.221354 0.672526 0.015625 0.016927
0 0.245443 0.680339 0.019531 0.022135
0 0.097656 0.791016 0.010417 0.011719
0 0.083984 0.711589 0.019531 0.016927
0 0.132161 0.738932 0.016927 0.016927
0 0.144531 0.723307 0.010417 0.009115
0 0.082682 0.813802 0.016927 0.020833
0 0.108724 0.783854 0.011719 0.010417
0 0.235026 0.677734 0.011719 0.014323
