0 0.267578 0.102865 0.006510 0.013021
0 0.268229 0.279297 0.013021 0.014323
0 0.222656 0.092448 0.013021 0.018229
0 0.256510 0.481771 0.018229 0.015625
0 0.552083 0.263021 0.007812 0.010417
0 0.015625 0.160156 0.013021 0.010417
0 0.261068 0.277995 0.016927 0.016927
0 0.588542 0.585938 0.007812 0.013021
0 0.519531 0.264323 0.010417 0.018229
0 0.525391 0.291016 0.019531 0.029948
0 0.490885 0.981120 0.018229 0.032552
0 0.562500 0.569010 0.007812 0.015625
0 0.586589 0.570964 0.006510 0.011719
0 0.447266 0.160807 0.016927 0.011719
0 0.548177 0.278646 0.013021 0.018229
