0 0.807292 0.305339 0.010417 0.006510
0 0.624349 0.022786 0.014323 0.011719
0 0.970703 0.275391 0.011719 0.016927
0 0.447266 0.250000 0.006510 0.010417
0 0.452474 0.005208 0.009115 0.010417
0 0.434245 0.095703 0.014323 0.014323
0 0.408854 0.212891 0.013021 0.014323
0 0.751953 0.548828 0.014323 0.014323
0 0.551432 0.179036 0.014323 0.014323
0 0.830729 0.382161 0.007812 0.014323
0 0.420573 0.059896 0.007812 0.007812
0 0.431641 0.370443 0.011719 0.006510
0 0.329427 0.106771 0.013021 0.013021
0 0.337891 0.304036 0.009115 0.009115
0 0.524089 0.240234 0.014323 0.014323
