0 0.272786 0.815755 0.016927 0.019531
0 0.186849 0.783854 0.011719 0.018229
0 0.375000 0.943359 0.010417 0.009115
0 0.127604 0.774089 0.010417 0.016927
0 0.228516 0.826823 0.011719 0.015625
0 0.355469 0.952474 0.013021 0.009115
0 0.315755 0.827474 0.016927 0.022135
0 0.198568 0.850911 0.019531 0.011719
0 0.127604 0.763672 0.007812 0.006510
0 0.208984 0.750651 0.014323 0.016927
0 0.382812 0.933594 0.013021 0.013021
0 0.111328 0.718099 0.014323 0.011719
0 0.065104 0.732422 0.007812 0.011719
0 0.369792 0.939453 0.013021 0.011719
