0 0.423177 0.779948 0.018229 0.013021
0 0.833984 0.676432 0.024740 0.014323
0 0.781901 0.723958 0.024740 0.015625
0 0.636068 0.743490 0.019531 0.013021
0 0.417969 0.764323 0.023438 0.018229
0 0.426432 0.800130 0.027344 0.014323
0 0.026693 0.922526 0.016927 0.011719
0 0.173828 0.829427 0.022135 0.010417
0 0.667318 0.773438 0.022135 0.015625
0 0.982422 0.698568 0.027344 0.022135
0 0.733724 0.707682 0.016927 0.011719
0 0.962891 0.740885 0.006510 0.007812
0 0.160807 0.844401 0.011719 0.024740
0 0.738932 0.663411 0.024740 0.014323
