0 0.447266 0.916667 0.006510 0.010417
0 0.420573 0.726562 0.007812 0.007812
0 0.408854 0.880208 0.013021 0.013021
0 0.337891 0.970703 0.009115 0.009115
0 0.586589 0.664063 0.014323 0.005208
0 0.524089 0.906901 0.014323 0.014323
0 0.328125 0.773438 0.013021 0.013021
0 0.764974 0.369792 0.011719 0.007812
0 0.551432 0.845703 0.014323 0.014323
0 0.434245 0.761068 0.014323 0.014323
0 0.624349 0.689453 0.014323 0.011719
0 0.452474 0.671875 0.009115 0.010417
0 0.970703 0.942057 0.011719 0.016927
0 0.807292 0.972005 0.010417 0.006510
