0 0.212240 0.468099 0.007812 0.011719
0 0.062500 0.576172 0.010417 0.011719
0 0.227865 0.468099 0.007812 0.011719
0 0.229818 0.925130 0.011719 0.014323
0 0.265625 0.235677 0.010417 0.013021
0 0.198568 0.272786 0.006510 0.011719
0 0.306641 0.436849 0.011719 0.011719
0 0.395833 0.707031 0.007812 0.010417
0 0.386719 0.305990 0.013021 0.015625
0 0.509115 0.865885 0.010417 0.013021
0 0.140625 0.677083 0.010417 0.013021
0 0.136719 0.863281 0.007812 0.013021
0 0.138021 0.175130 0.007812 0.014323
0 0.135417 0.557292 0.010417 0.007812
