0 0.400391 0.093099 0.022135 0.022135
0 0.177083 0.086589 0.018229 0.014323
0 0.333333 0.083984 0.015625 0.011719
0 0.831380 0.388021 0.240885 0.065104
0 0.093750 0.616536 0.164062 0.105469
0 0.804036 0.099609 0.016927 0.016927
0 0.845052 0.638672 0.015625 0.024740
0 0.824219 0.087891 0.018229 0.019531
0 0.238281 0.091146 0.020833 0.015625
0 0.788411 0.106120 0.016927 0.011719
0 0.089193 0.074219 0.019531 0.018229
0 0.903646 0.768229 0.031250 0.078125
0 0.031250 0.055990 0.020833 0.020833
0 0.072266 0.074870 0.014323 0.014323
0 0.219401 0.073568 0.014323 0.014323
