0 0.730469 0.823568 0.039062 0.113281
0 0.299479 0.830078 0.013021 0.014323
0 0.552734 0.548177 0.006510 0.010417
0 0.474609 0.716146 0.006510 0.010417
0 0.285156 0.558594 0.010417 0.013021
0 0.296875 0.228516 0.015625 0.009115
0 0.492839 0.436849 0.011719 0.014323
0 0.073568 0.158854 0.024740 0.015625
0 0.522135 0.898438 0.007812 0.013021
0 0.249349 0.638021 0.009115 0.010417
0 0.378906 0.432943 0.015625 0.011719
0 0.455078 0.506510 0.006510 0.013021
0 0.197917 0.414062 0.015625 0.007812
0 0.313802 0.829427 0.013021 0.010417
