0 0.529948 0.485026 0.007812 0.006510
0 0.562500 0.445312 0.007812 0.007812
0 0.550130 0.469401 0.006510 0.006510
0 0.580078 0.395833 0.003906 0.010417
0 0.536458 0.397135 0.005208 0.010417
0 0.626953 0.520182 0.006510 0.006510
0 0.587891 0.467448 0.006510 0.007812
0 0.618490 0.548828 0.007812 0.011719
0 0.573568 0.458333 0.009115 0.007812
0 0.602865 0.434896 0.015625 0.013021
0 0.591797 0.397786 0.006510 0.006510
0 0.602865 0.417969 0.007812 0.007812
0 0.583984 0.480469 0.006510 0.005208
0 0.563802 0.479167 0.005208 0.007812
0 0.567708 0.494792 0.007812 0.007812
