0 0.096354 0.332682 0.010417 0.014323
0 0.473307 0.451823 0.019531 0.013021
0 0.177734 0.362630 0.016927 0.011719
0 0.457682 0.393229 0.009115 0.010417
0 0.354167 0.363281 0.018229 0.007812
0 0.219401 0.371745 0.019531 0.009115
0 0.084635 0.320312 0.013021 0.015625
0 0.332682 0.361328 0.022135 0.009115
0 0.201172 0.370443 0.016927 0.011719
0 0.667318 0.557943 0.014323 0.006510
0 0.466797 0.395833 0.011719 0.015625
0 0.447917 0.401042 0.026042 0.015625
0 0.489583 0.436198 0.015625 0.007812
0 0.648438 0.920573 0.020833 0.018229
